0 968669 1144344082 17
1 1162015 1144537427 17
2 1354856 1144730267 17
3 1540398 1144915809 17
4 1735225 1145110635 17
5 1928330 1145303740 17
6 2120908 1145496317 17
7 2314955 1145690364 17
8 2501719 1145877128 17
9 2693243 1146068651 17
10 2889392 1146264800 17
11 3081814 1146457222 17
12 3275373 1146650780 17
13 3463583 1146838990 17
14 3652127 1147027533 17
15 3840241 1147215646 17
16 4029912 1147405317 17
17 4218096 1147593500 17
18 4402806 1147778211 17
19 4593524 1147968928 17
20 4781082 1148156486 17
21 4974884 1148350287 17
22 5174364 1148549767 17
23 5369286 1148744688 17
24 5559634 1148935035 17
25 5749663 1149125065 17
26 5937072 1149312473 17
27 6122426 1149497826 17
28 6316732 1149692132 17
29 6507346 1149882745 17
30 6693061 1150068460 17
31 6886101 1150261499 17
32 7085945 1150461343 17
33 7279656 1150655053 17
34 7471548 1150846945 17
35 7661996 1151037392 17
36 7849893 1151225289 17
37 8043285 1151418680 17
38 8240768 1151616163 17
39 8435409 1151810803 17
40 8633411 1152008805 17
41 8824256 1152199650 17
42 9019169 1152394562 17
43 9213970 1152589362 17
44 9401418 1152776810 17
45 9589570 1152964962 17
46 9782836 1153158228 17
47 9976200 1153351591 17
48 10170610 1153546000 17
49 10366942 1153742332 17
50 10555655 1153931045 17
51 10743405 1154118793 17
52 10940862 1154316251 17
53 11135558 1154510946 17
54 11324919 1154700307 17
55 11515992 1154891379 17
56 11708991 1155084378 17
57 11905188 1155280574 17
58 12094646 1155470032 17
59 12282364 1155657749 17
60 12469296 1155844681 17
61 12663723 1156039107 17
62 12856941 1156232325 17
63 13047639 1156423022 17
64 13234289 1156609672 17
65 13418488 1156793870 17
66 13609939 1156985321 17
67 13805222 1157180604 17
68 14001661 1157377042 17
69 14193927 1157569307 17
70 14381066 1157756447 17
71 14579472 1157954852 17
72 14763224 1158138603 17
73 14960173 1158335552 17
74 15152145 1158527523 17
75 15338972 1158714350 17
76 15523303 1158898680 17
77 15719186 1159094563 17
78 15915929 1159291306 17
79 16110880 1159486256 17
80 16301580 1159676955 17
81 16498732 1159874108 17
82 16689382 1160064757 17
83 16884165 1160259539 17
84 17080554 1160455927 17
85 17275210 1160650584 17
86 17471708 1160847081 17
87 17658990 1161034363 17
88 17852010 1161227382 17
89 18048435 1161423807 17
90 18238876 1161614247 17
91 18430266 1161805636 17
92 18627919 1162003289 17
93 18824188 1162199557 17
94 19021947 1162397316 17
95 19211233 1162586602 17
96 19407503 1162782871 17
97 19598805 1162974173 17
98 19787440 1163162808 17
99 19979909 1163355276 17
100 1144444291 1068877 16
101 1144632953 1257540 16
102 1144823459 1448046 16
103 1145015975 1640562 16
104 1145210143 1834731 16
105 1145395494 2020083 16
106 1145592684 2217273 16
107 1145783902 2408491 16
108 1145974120 2598710 16
109 1146168974 2793565 16
110 1146358990 2983580 16
111 1146552013 3176604 16
112 1146746589 3371181 16
113 1146934807 3559399 16
114 1147120749 3745342 16
115 1147311513 3936106 16
116 1147498513 4123106 16
117 1147685532 4310126 16
118 1147873127 4497722 16
119 1148064102 4688697 16
120 1148256810 4881405 16
121 1148450613 5075209 16
122 1148648421 5273017 16
123 1148841403 5466000 16
124 1149027606 5652203 16
125 1149217438 5842036 16
126 1149404747 6029346 16
127 1149597628 6222227 16
128 1149788785 6413383 16
129 1149974245 6598845 16
130 1150168719 6793319 16
131 1150361920 6986520 16
132 1150556999 7181600 16
133 1150746728 7371329 16
134 1150944124 7568726 16
135 1151131191 7755793 16
136 1151322860 7947463 16
137 1151518227 8142831 16
138 1151711380 8335984 16
139 1151910171 8534775 16
140 1152105398 8730002 16
141 1152294376 8918982 16
142 1152489351 9113957 16
143 1152684078 9308684 16
144 1152872871 9497477 16
145 1153061318 9685925 16
146 1153254316 9878923 16
147 1153450939 10075547 16
148 1153645626 10270234 16
149 1153836557 10461166 16
150 1154026745 10651355 16
151 1154216451 10841060 16
152 1154418218 11042828 16
153 1154606641 11231251 16
154 1154798063 11422674 16
155 1154992234 11616845 16
156 1155181985 11806597 16
157 1155375683 12000296 16
158 1155564318 12188931 16
159 1155752186 12376799 16
160 1155938936 12563550 16
161 1156131828 12756442 16
162 1156331636 12956251 16
163 1156517083 13141698 16
164 1156701176 13325791 16
165 1156887817 13512433 16
166 1157082993 13707610 16
167 1157277506 13902123 16
168 1157472842 14097460 16
169 1157663025 14287643 16
170 1157854881 14479500 16
171 1158046854 14671473 16
172 1158236355 14860974 16
173 1158433043 15057662 16
174 1158619628 15244249 16
175 1158806760 15431381 16
176 1158994264 15618885 16
177 1159195291 15819912 16
178 1159390322 16014944 16
179 1159577907 16202529 16
180 1159774886 16399509 16
181 1159969385 16594008 16
182 1160159996 16784619 16
183 1160359706 16984330 16
184 1160555174 17179799 16
185 1160749288 17373913 16
186 1160942553 17567179 16
187 1161131739 17756365 16
188 1161325389 17950015 16
189 1161516312 18140939 16
190 1161711350 18335977 16
191 1161906368 18530996 16
192 1162098955 18723583 16
193 1162298469 18923098 16
194 1162493546 19118176 16
195 1162685830 19310460 16
196 1162875619 19500249 16
197 1163065976 19690607 16
198 1163255706 19880338 16
199 0 20074306 16
