0 968676 230330664 14
1 1161124 230523111 14
2 1353066 230715053 14
3 1538609 230900594 14
4 1728037 231090022 14
5 1917542 231279527 14
6 2114622 231476605 14
7 2309572 231671555 14
8 2494536 231856519 14
9 2687863 232049846 14
10 2884012 232245993 14
11 3074636 232436616 14
12 3266396 232628376 14
13 3458208 232820187 14
14 3643153 233005131 14
15 3830368 233192346 14
16 4017340 233379318 14
17 4209126 233571102 14
18 4395638 233757615 14
19 4587257 233949233 14
20 4776617 234138591 14
21 4965920 234327894 14
22 5157300 234519274 14
23 5352224 234714196 14
24 5540773 234902745 14
25 5737104 235099076 14
26 5932616 235294588 14
27 6117072 235479042 14
28 6309578 235671548 14
29 6495693 235857663 14
30 6682310 236044278 14
31 6874451 236236419 14
32 7075196 236437164 14
33 7266209 236628175 14
34 7461702 236823668 14
35 7651252 237013218 14
36 7840050 237202015 14
37 8032544 237394508 14
38 8222827 237584791 14
39 8421070 237783034 14
40 8618173 237980135 14
41 8812620 238174582 14
42 9012036 238373998 14
43 9205938 238567899 14
44 9391587 238753546 14
45 9576140 238938099 14
46 9765807 239127766 14
47 9957372 239319329 14
48 10148183 239510141 14
49 10339115 239701072 14
50 10532331 239894287 14
51 10720983 240082938 14
52 10916641 240278596 14
53 11109538 240471492 14
54 11298901 240660855 14
55 11489075 240851028 14
56 11674874 241036827 14
57 11869273 241231224 14
58 12062341 241424292 14
59 12256353 241618304 14
60 12446886 241808836 14
61 12643115 242005064 14
62 12841736 242203685 14
63 13027035 242388982 14
64 13217286 242579233 14
65 13409588 242771535 14
66 13600140 242962087 14
67 13791824 243153769 14
68 13986464 243348409 14
69 14176932 243538876 14
70 14367662 243729606 14
71 14567881 243929824 14
72 14757935 244119878 14
73 14953085 244315026 14
74 15140558 244502499 14
75 15330987 244692928 14
76 15518020 244879959 14
77 15710303 245072242 14
78 15902548 245264486 14
79 16092099 245454037 14
80 16290902 245652839 14
81 16489855 245851792 14
82 16679607 246041543 14
83 16872591 246234526 14
84 17065292 246427226 14
85 17260039 246621974 14
86 17458339 246820272 14
87 17642921 247004854 14
88 17839544 247201477 14
89 18034169 247396100 14
90 18225512 247587443 14
91 18420504 247782434 14
92 18613658 247975588 14
93 18812629 248174557 14
94 19009489 248371417 14
95 19203277 248565205 14
96 19399549 248761476 14
97 19595354 248957280 14
98 19787591 249149516 14
99 19982761 249344686 14
100 230430025 1068036 13
101 230618203 1256216 13
102 230808446 1446459 13
103 230994812 1632825 13
104 231186041 1824054 13
105 231375384 2013398 13
106 231574133 2212148 13
107 231763819 2401834 13
108 231955397 2593414 13
109 232149835 2787852 13
110 232338449 2976466 13
111 232529800 3167818 13
112 232728118 3366137 13
113 232912592 3550611 13
114 233097548 3735567 13
115 233285987 3924008 13
116 233476083 4114104 13
117 233665144 4303165 13
118 233853886 4491908 13
119 234046430 4684453 13
120 234234279 4872303 13
121 234420472 5058496 13
122 234617698 5255723 13
123 234808606 5446632 13
124 235001628 5639654 13
125 235199283 5837311 13
126 235386266 6024293 13
127 235576590 6214618 13
128 235763733 6401761 13
129 235950026 6588055 13
130 236143595 6781625 12
131 236337007 6975038 13
132 236530171 7168203 13
133 236723824 7361856 13
134 236919614 7557646 13
135 237108096 7746130 13
136 237298728 7936762 13
137 237486806 8124840 13
138 237683994 8322029 13
139 237881276 8519312 13
140 238079568 8717604 12
141 238273974 8912010 13
142 238468119 9106157 13
143 238660208 9298246 13
144 238846002 9484041 13
145 239030347 9668387 13
146 239223324 9861364 13
147 239414909 10052950 13
148 239603740 10241781 13
149 239800344 10438386 13
150 239991193 10629236 13
151 240178917 10816960 12
152 240378577 11016621 13
153 240566859 11204904 12
154 240757839 11395884 13
155 240944464 11582510 13
156 241131483 11769529 13
157 241329945 11967992 12
158 241524700 12162747 13
159 241716922 12354970 13
160 241904287 12542335 13
161 242104026 12742075 13
162 242297318 12935368 13
163 242487036 13125087 13
164 242678428 13316479 13
165 242864302 13502354 12
166 243056416 13694468 13
167 243248841 13886894 13
168 243442289 14080343 13
169 243636553 14274607 13
170 243829692 14467747 13
171 244027950 14666005 13
172 244216513 14854570 13
173 244408251 15046308 13
174 244597870 15235928 13
175 244787915 15425973 13
176 244972030 15610089 13
177 245169543 15807602 13
178 245358550 15996610 13
179 245553578 16191639 13
180 245753117 16391178 13
181 245946079 16584142 13
182 246135151 16773214 13
183 246330397 16968461 13
184 246526475 17164538 13
185 246721983 17360048 13
186 246913351 17551417 13
187 247105630 17743696 13
188 247297254 17935320 13
189 247488746 18126813 13
190 247688123 18326191 13
191 247878598 18516667 13
192 248074583 18712653 13
193 248272107 18910176 13
194 248472008 19110078 13
195 248664978 19303049 13
196 248858104 19496175 13
197 249052951 19691024 13
198 249245654 19883727 13
199 0 20077167 12
0 968677 336592973 14
1 1153924 336778220 13
2 1347667 336971961 12
3 1538611 337162905 13
4 1730739 337355032 13
5 1920245 337544538 13
6 2113724 337738015 13
7 2303273 337927565 13
8 2497239 338121530 13
9 2692366 338316656 13
10 2884015 338508305 13
11 3074639 338698928 13
12 3272700 338896988 13
13 3464513 339088801 13
14 3655758 339280044 13
15 3843874 339468160 13
16 4030918 339655204 13
17 4218132 339842418 12
18 4403744 340028028 13
19 4595363 340219647 13
20 4781122 340405406 13
21 4972226 340596509 13
22 5167207 340791489 13
23 5361230 340985512 13
24 5553380 341177660 13
25 5747911 341372191 13
26 5941623 341565902 13
27 6128779 341753057 13
28 6323086 341947364 13
29 6513702 342137980 13
30 6702119 342326396 13
31 6887060 342511336 13
32 7083304 342707580 13
33 7279718 342903993 13
34 7476112 343100386 13
35 7662061 343286335 13
36 7853560 343477833 13
37 8042453 343666725 13
38 8235436 343859707 13
39 8430079 344054351 13
40 8623582 344247852 13
41 8817129 344441399 13
42 9013845 344638115 13
43 9211347 344835615 13
44 9404198 345028465 13
45 9594152 345218420 13
46 9788320 345412586 13
47 9984385 345608650 13
48 10180598 345804863 13
49 10378731 346002995 13
50 10568346 346192610 13
51 10752498 346376762 12
52 10948156 346572418 13
53 11132952 346757214 13
54 11319614 346943876 13
55 11504388 347128649 13
56 11691987 347316247 13
57 11883686 347507946 13
58 12071344 347695603 13
59 12265366 347889624 13
60 12456799 348081057 13
61 12650328 348274585 13
62 12850749 348475005 13
63 13040549 348664804 13
64 13227200 348851455 13
65 13415002 349039256 13
66 13613655 349237909 13
67 13807139 349431392 13
68 14007180 349631432 13
69 14201249 349825501 13
70 14385678 350009929 13
71 14583196 350207446 13
72 14766950 350391200 13
73 14963000 350587249 13
74 15153174 350777423 13
75 15340002 350964250 13
76 15532437 351156684 13
77 15724720 351348967 13
78 15920565 351544811 13
79 16111016 351735262 13
80 16309820 351934066 13
81 16501572 352125816 13
82 16693125 352317369 13
83 16887909 352512152 13
84 17085111 352709353 13
85 17276257 352900499 13
86 17467356 353091598 13
87 17656439 353280679 13
88 17849462 353473702 13
89 18041387 353665626 13
90 18237230 353861468 13
91 18428622 354052860 13
92 18622676 354246913 13
93 18822548 354446784 13
94 19015808 354640044 13
95 19206895 354831131 13
96 19398666 355022900 13
97 19597172 355221406 13
98 19791209 355415442 13
99 19989080 355613312 13
100 336684748 1060450 12
101 336874991 1250695 12
102 337071407 1447111 12
103 337259804 1635509 12
104 337450925 1826631 12
105 337637584 2013290 12
106 337830215 2205922 12
107 338028485 2404193 12
108 338222196 2597904 12
109 338412157 2787865 12
110 338600704 2976413 12
111 338798519 3174229 12
112 338996167 3371878 12
113 339187116 3562828 12
114 339373097 3748808 12
115 339561774 3937486 12
116 339747159 4122873 12
117 339935387 4311101 12
118 340124503 4500218 12
119 340313650 4689365 12
120 340503290 4879006 12
121 340692388 5068104 12
122 340889458 5265174 12
123 341083875 5459593 12
124 341274678 5650396 12
125 341470936 5846654 12
126 341659844 6035564 12
127 341852126 6227846 12
128 342044673 6420393 12
129 342232823 6608545 12
130 342418893 6794615 12
131 342608160 6983883 12
132 342806061 7181784 12
133 343000303 7376027 12
134 343192539 7568264 12
135 343383840 7759566 12
136 343570685 7946411 12
137 343762094 8137820 12
138 343955447 8331173 12
139 344148617 8524345 12
140 344346575 8722303 12
141 344538062 8913791 12
142 344735282 9111011 12
143 344935682 9311412 12
144 345126732 9502463 12
145 345314978 9690710 12
146 345512571 9888303 12
147 345709236 10084969 12
148 345905884 10281618 12
149 346098620 10474354 12
150 346285163 10660897 12
151 346473140 10848875 12
152 346664676 11040412 12
153 346850269 11226005 12
154 347035874 11411611 12
155 347223631 11599369 12
156 347409181 11784920 12
157 347601003 11976742 12
158 347795959 12171699 12
159 347988458 12364198 12
160 348174483 12550224 12
161 348374653 12750395 12
162 348572630 12948372 12
163 348759061 13134804 12
164 348946310 13322054 12
165 349139926 13515671 12
166 349333154 13708898 12
167 349531445 13907191 12
168 349729107 14104853 12
169 349916864 14292611 12
170 350107997 14483744 12
171 350299558 14675306 12
172 350488586 14864335 12
173 350682723 15058473 12
174 350869400 15245151 12
175 351064806 15440556 12
176 351249516 15625267 12
177 351449800 15825552 12
178 351639762 16015514 12
179 351834706 16210460 12
180 352026853 16402607 12
181 352222335 16598090 12
182 352412614 16788369 12
183 352612807 16988563 12
184 352805718 17181474 12
185 352993301 17369058 12
186 353189072 17564830 12
187 353377668 17753426 12
188 353566743 17942502 12
189 353762799 18138559 12
190 353958262 18334023 12
191 354149947 18525708 12
192 354346075 18721837 12
193 354540775 18916537 12
194 354737839 19113602 12
195 354926096 19301860 12
196 355122656 19498420 12
197 355319763 19695527 12
198 355513599 19889365 12
199 0 20089626 12
0 968677 398094027 10
1 1159325 398284675 11
2 1348567 398473916 10
3 1535911 398661259 10
4 1730739 398856086 10
5 1917545 399042893 10
6 2117325 399242671 10
7 2314976 399440322 10
8 2506241 399631586 10
9 2693267 399818611 10
10 2883116 400008460 10
11 3075541 400200885 11
12 3267300 400392642 10
13 3453712 400579054 10
14 3646758 400772100 10
15 3840275 400965615 10
16 4033548 401158888 11
17 4226235 401351575 10
18 4418148 401543486 10
19 4610667 401736005 10
20 4801828 401927166 11
21 4993831 402119167 11
22 5187012 402312348 10
23 5383809 402509145 10
24 5573186 402698520 10
25 5768617 402893951 10
26 5964130 403089463 11
27 6153086 403278418 11
28 6341992 403467324 10
29 6529008 403654339 11
30 6722826 403848156 10
31 6914067 404039397 10
32 7112112 404237442 11
33 7304025 404429354 10
34 7496819 404622147 10
35 7688169 404813496 10
36 7873367 404998694 10
37 8069461 405194787 10
38 8265145 405390471 10
39 8461589 405586914 10
40 8660493 405785817 10
41 8851339 405976663 10
42 9051655 406176977 10
43 9250058 406375380 11
44 9438409 406563731 10
45 9625662 406750982 10
46 9817129 406942449 10
47 10005994 407131314 10
48 10198606 407323925 10
49 10390439 407515757 10
50 10584554 407709872 10
51 10775907 407901224 10
52 10973366 408098682 10
53 11161762 408287078 11
54 11348425 408473740 10
55 11534099 408659413 10
56 11720798 408846112 10
57 11918798 409044112 10
58 12110957 409236269 11
59 12300478 409425790 10
60 12490111 409615422 10
61 12689941 409815251 10
62 12884962 410010272 10
63 13073861 410199171 10
64 13264113 410389421 10
65 13455515 410580823 11
66 13646067 410771374 10
67 13837752 410963058 10
68 14035092 411160398 11
69 14222860 411348166 11
70 14411790 411537094 11
71 14609308 411734612 11
72 14792162 411917466 10
73 14986412 412111714 10
74 15175685 412300986 11
75 15365214 412490516 10
76 15555849 412681150 11
77 15755333 412880633 10
78 15949378 413074677 10
79 16137129 413262428 10
80 16330532 413455830 10
81 16524085 413649382 11
82 16715637 413840934 10
83 16911322 414036618 10
84 17104023 414229319 10
85 17293369 414418664 10
86 17490769 414616062 10
87 17682553 414807846 11
88 17871075 414996368 10
89 18063000 415188292 10
90 18257043 415382334 10
91 18445735 415571026 10
92 18642489 415767779 10
93 18839660 415964950 11
94 19031120 416156409 10
95 19217707 416342995 10
96 19413979 416539266 10
97 19610684 416735971 10
98 19804722 416930008 10
99 20003494 417128779 10
100 398190942 1065590 9
101 398376381 1251030 10
102 398569078 1443728 9
103 398761318 1635969 9
104 398948798 1823448 9
105 399141419 2016071 10
106 399342402 2217054 9
107 399539005 2413657 9
108 399724298 2598951 9
109 399912450 2787104 9
110 400101907 2976562 9
111 400294446 3169102 9
112 400486738 3361394 9
113 400679607 3554264 10
114 400870919 3745577 9
115 401065697 3940355 10
116 401256047 4130706 9
117 401450662 4325321 9
118 401640621 4515281 9
119 401835073 4709733 10
120 402025506 4900168 10
121 402213104 5087766 9
122 402413301 5287963 9
123 402604768 5479431 9
124 402795969 5670633 9
125 402994474 5869138 9
126 403185644 6060310 10
127 403372583 6247249 9
128 403560378 6435044 9
129 403754095 6628763 10
130 403946633 6821301 10
131 404137310 7011978 9
132 404331156 7205825 10
133 404521699 7396369 10
134 404720448 7595119 10
135 404904907 7779579 10
136 405098664 7973336 10
137 405292712 8167384 9
138 405487520 8362193 9
139 405686354 8561028 9
140 405882440 8757114 9
141 406076338 8951013 10
142 406275109 9149785 10
143 406470325 9345001 9
144 406659261 9533939 10
145 406845631 9720309 10
146 407035274 9909952 9
147 407228916 10103595 9
148 407418447 10293127 9
149 407615392 10490072 9
150 407809185 10683867 10
151 407999110 10873792 9
152 408194750 11069432 9
153 408380136 11254819 9
154 408566374 11441058 9
155 408753808 11628493 9
156 408945164 11819849 9
157 409141140 12015826 9
158 409332713 12207399 9
159 409523563 12398251 10
160 409714915 12589603 10
161 409910358 12785046 9
162 410107748 12982437 10
163 410297283 13171973 10
164 410488020 13362710 9
165 410673473 13548164 10
166 410864968 13739660 10
167 411060551 13935243 10
168 411251859 14126552 10
169 411443947 14318641 10
170 411634706 14509400 10
171 411826135 14700829 10
172 412012950 14887645 9
173 412206232 15080928 10
174 412395834 15270531 9
175 412588888 15463586 10
176 412781055 15655754 9
177 412979964 15854663 9
178 413166856 16041556 9
179 413357097 16231797 9
180 413549947 16424647 9
181 413745604 16620305 10
182 413937186 16811889 9
183 414132904 17007607 9
184 414323630 17198334 10
185 414518120 17392824 9
186 414715721 17590425 10
187 414900903 17775609 10
188 415089834 17964540 10
189 415283940 18158646 9
190 415476294 18351002 9
191 415671152 18545860 10
192 415864541 18739249 10
193 416057207 18931917 10
194 416249999 19124709 9
195 416442483 19317194 9
196 416636739 19511451 9
197 416834377 19709089 9
198 417029825 19904538 9
199 0 20097779 9
0 968677 454498960 7
1 1158425 454688707 7
2 1350368 454880649 6
3 1542212 455072493 6
4 1730740 455261020 4
5 1924747 455455027 6
6 2126328 455656608 7
7 2323978 455854256 4
8 2511643 456041921 7
9 2705870 456236147 2
10 2896619 456426895 1
11 3091744 456622019 5
12 3287105 456817380 4
13 3471717 457001991 5
14 3662062 457192335 5
15 3854679 457384952 5
16 4043451 457573723 6
17 4232538 457762810 6
18 4424451 457954723 5
19 4621471 458151741 5
20 4808130 458338400 6
21 5000134 458530403 6
22 5193315 458723583 5
23 5383811 458914079 6
24 5577689 459107957 6
25 5772220 459302486 6
26 5959631 459489896 6
27 6146787 459677052 6
28 6340195 459870459 6
29 6529910 460060174 6
30 6721928 460252192 6
31 6914070 460444332 6
32 7105814 460636075 5
33 7295927 460826188 5
34 7491421 461021681 5
35 7681871 461212131 5
36 7876971 461407230 6
37 8073065 461603323 5
38 8265148 461795406 6
39 8458891 461989148 6
40 8651494 462181750 6
41 8845942 462376198 6
42 9040857 462571112 6
43 9233859 462764113 5
44 9424010 462954264 3
45 9614864 463145117 7
46 9812632 463342884 6
47 10006898 463537150 6
48 10195909 463726160 6
49 10391343 463921593 5
50 10580958 464111208 6
51 10767810 464298060 6
52 10963468 464493716 4
53 11156365 464686613 4
54 11347529 464877776 0
55 11535003 465065249 3
56 11721702 465251948 6
57 11912501 465442746 4
58 12105561 465635805 6
59 12294181 465824424 4
60 12478414 466008657 6
61 12673743 466203986 7
62 12871464 466401706 6
63 13063965 466594207 5
64 13247915 466778156 4
65 13440218 466970458 5
66 13637971 467168211 5
67 13828755 467358994 6
68 14027896 467558134 3
69 14221965 467752202 2
70 14406394 467936630 3
71 14606613 468136848 6
72 14793968 468324203 4
73 14989118 468519352 5
74 15178391 468708624 2
75 15368821 468899054 4
76 15554954 469085187 2
77 15748138 469278370 3
78 15936782 469467013 3
79 16124533 469654763 4
80 16322437 469852667 4
81 16518690 470048919 4
82 16708442 470238670 3
83 16901427 470431654 1
84 17091428 470621656 3
85 17281674 470811901 4
86 17473673 471003899 5
87 17660956 471191182 4
88 17856679 471386904 4
89 18048605 471578829 2
90 18242648 471772871 5
91 18435840 471966063 3
92 18631695 472161916 2
93 18830666 472360887 1
94 19028427 472558646 4
95 19221315 472751534 2
96 19415787 472946006 0
97 19610692 473140910 3
98 19802029 473332247 1
99 20001701 473531918 2
100 454595293 1065009 6
101 454783141 1252857 7
102 454980413 1450130 5
103 455165747 1635465 6
104 455360960 1830678 6
105 455555355 2025074 6
106 455756500 2226220 5
107 455948937 2418658 5
108 456142179 2611900 2
109 456331107 2800829 4
110 456523514 2993236 4
111 456718886 3188609 3
112 456909507 3379231 4
113 457099943 3569667 6
114 457290502 3760227 3
115 457480581 3950307 5
116 457667759 4137485 3
117 457862011 4331738 6
118 458055933 4525661 5
119 458245967 4715695 4
120 458436973 4906702 6
121 458624058 5093788 4
122 458818197 5287927 5
123 459013712 5483443 5
124 459204902 5674634 5
125 459395311 5865043 5
126 459584271 6054004 4
127 459775526 6245260 5
128 459966398 6436133 5
129 460158269 6628003 5
130 460351942 6821678 5
131 460536326 7006063 5
132 460727901 7197637 4
133 460921599 7391337 4
134 461118303 7588041 4
135 461313306 7783044 5
136 461507542 7977282 4
137 461697759 8167499 5
138 461889690 8359431 5
139 462082645 8552387 5
140 462281517 8751259 5
141 462470831 8940574 4
142 462664147 9133891 5
143 462861271 9331016 2
144 463053444 9523189 5
145 463245628 9715374 6
146 463441436 9911182 4
147 463630591 10100338 5
148 463824613 10294361 4
149 464017087 10486835 4
150 464205918 10675666 5
151 464394239 10863989 4
152 464594332 11064082 4
153 464784405 11254155 4
154 464971697 11441449 3
155 465159037 11628789 4
156 465344334 11814086 4
157 465540630 12010384 4
158 465730902 12200657 4
159 465916042 12385797 2
160 466103692 12573448 1
161 466301537 12771294 4
162 466502227 12971984 5
163 466685917 13155675 1
164 466877818 13347576 4
165 467070692 13540451 4
166 467261525 13731285 4
167 467458673 13928433 3
168 467655193 14124953 2
169 467843988 14313750 2
170 468037046 14506808 4
171 468232518 14702281 3
172 468420702 14890466 4
173 468613791 15083555 5
174 468804163 15273927 3
175 468992681 15462447 4
176 469178151 15647918 4
177 469371991 15841757 3
178 469559635 16029403 3
179 469753642 16223410 3
180 469949510 16419279 4
181 470143524 16613294 3
182 470332931 16802702 2
183 470525536 16995307 2
184 470716853 17186625 0
185 470906173 17375945 4
186 471099386 17569159 4
187 471291332 17761106 3
188 471480167 17949942 3
189 471674404 18144179 4
190 471870773 18340549 3
191 472065658 18535434 3
192 472260724 18730501 1
193 472459741 18929519 3
194 472658721 19128500 4
195 472849050 19318829 0
196 473041246 19511026 2
197 473236229 19706009 3
198 473432919 19902700 4
199 0 20095048 3
0 968678 526428220 8
1 1154826 526614367 8
2 1345868 526805409 7
3 1536813 526996353 8
4 1724441 527183981 8
5 1910346 527369885 8
6 2102926 527562464 8
7 2293375 527752912 8
8 2481040 527940577 8
9 2667166 528126702 8
10 2862416 528321952 8
11 3053941 528513477 9
12 3252902 528712436 8
13 3441114 528900648 9
14 3634161 529093694 8
15 3827677 529287209 8
16 4013750 529473281 8
17 4202836 529662366 8
18 4393849 529853380 8
19 4582768 530042298 8
20 4767628 530227156 8
21 4953331 530412859 8
22 5150112 530609640 8
23 5341436 530800962 8
24 5530886 530990412 8
25 5729017 531188543 8
26 5920029 531379553 8
27 6108986 531568510 8
28 6297892 531757415 8
29 6492109 531951632 8
30 6678726 532138248 8
31 6862767 532322288 8
32 7062612 532522133 8
33 7259026 532718547 8
34 7456320 532915839 8
35 7644970 533104489 8
36 7836470 533295988 8
37 8029864 533489381 8
38 8221047 533680563 8
39 8419291 533878807 8
40 8613694 534073209 8
41 8801841 534261356 8
42 8994956 534454470 8
43 9190659 534650172 8
44 9383510 534843022 8
45 9572564 535032076 8
46 9766732 535226243 8
47 9962798 535422308 8
48 10152710 535612219 8
49 10349943 535809451 8
50 10542259 536001767 8
51 10726411 536185918 8
52 10921169 536380676 8
53 11110466 536569972 8
54 11300729 536760234 8
55 11486403 536945908 8
56 11675803 537135307 8
57 11872003 537331506 8
58 12060562 537520065 8
59 12249183 537708685 8
60 12440617 537900119 8
61 12636846 538096347 8
62 12832767 538292268 8
63 13018066 538477565 8
64 13203817 538663316 8
65 13391692 538851191 8
66 13581271 539040768 8
67 13772056 539231553 8
68 13966696 539426193 8
69 14159865 539619360 8
70 14351495 539810990 8
71 14548114 540007608 8
72 14735468 540194961 8
73 14927991 540387484 8
74 15121692 540581185 8
75 15312122 540771613 8
76 15502756 540962247 8
77 15701341 541160830 8
78 15893586 541353075 8
79 16081337 541540826 8
80 16278414 541737902 8
81 16469193 541928680 8
82 16664346 542123833 8
83 16859131 542318617 8
84 17049132 542508617 8
85 17241179 542700663 8
86 17430478 542889961 8
87 17623162 543082646 8
88 17811684 543271166 8
89 18009010 543468492 8
90 18203054 543662535 8
91 18396246 543855727 8
92 18586700 544046180 8
93 18781171 544240650 8
94 18980732 544440210 8
95 19173620 544633097 8
96 19365392 544824869 8
97 19556696 545016172 8
98 19746233 545205708 8
99 19943205 545402680 8
100 526521142 1061599 8
101 526708565 1249022 7
102 526904433 1444891 8
103 527088609 1629067 8
104 527276213 1816672 8
105 527461668 2002128 7
106 527654813 2195274 7
107 527847421 2387882 8
108 528032499 2572961 8
109 528225698 2766160 7
110 528415017 2955480 7
111 528613759 3154223 7
112 528808266 3348730 7
113 529001033 3541498 8
114 529193016 3733482 7
115 529379966 3920432 8
116 529567172 4107640 8
117 529760918 4301385 8
118 529947044 4487512 7
119 530135308 4675778 8
120 530319278 4859748 7
121 530510574 5051044 8
122 530704574 5245045 8
123 530896241 5436713 8
124 531090719 5631191 7
125 531284641 5825114 7
126 531475107 6015581 8
127 531662925 6203399 7
128 531857616 6398091 7
129 532043948 6584424 8
130 532229929 6770405 8
131 532422100 6962577 8
132 532620094 7160572 8
133 532815509 7355988 8
134 533010768 7551247 7
135 533202237 7742717 8
136 533393359 7933840 7
137 533582261 8122742 8
138 533779300 8319782 7
139 533973937 8514420 8
140 534166600 8707083 7
141 534353783 8894267 8
142 534549992 9090477 7
143 534749898 9290383 7
144 534939984 9480471 8
145 535128584 9669071 8
146 535326283 9866771 7
147 535517368 10057857 7
148 535712056 10252545 8
149 535907465 10447954 7
150 536093706 10634197 7
151 536280836 10821327 7
152 536477048 11017539 7
153 536666514 11207007 7
154 536852376 11392869 7
155 537042885 11583378 7
156 537232734 11773229 8
157 537425272 11965767 8
158 537615581 12156076 7
159 537807646 12348142 7
160 537996063 12536560 7
161 538192005 12732502 8
162 538385739 12926238 8
163 538571522 13112021 8
164 538758626 13299125 8
165 538943240 13483741 8
166 539133460 13673961 7
167 539326173 13866674 7
168 539522232 14062734 7
169 539717812 14258315 8
170 539908318 14448823 8
171 540103002 14643507 7
172 540288249 14828754 7
173 540487041 15027548 8
174 540676710 15217217 8
175 540869963 15410470 8
176 541061211 15601720 8
177 541258542 15799051 8
178 541445336 15985846 7
179 541638654 16179164 8
180 541829914 16370425 7
181 542028768 16569279 7
182 542219794 16760306 7
183 542412308 16952820 7
184 542605921 17146434 7
185 542792057 17332572 7
186 542990789 17531304 8
187 543175459 17715974 7
188 543369585 17910101 8
189 543564577 18105094 7
190 543761610 18302128 8
191 543949541 18490059 8
192 544139951 18680470 7
193 544339957 18880477 7
194 544540123 19080643 7
195 544728157 19268678 8
196 544917126 19457648 8
197 545109428 19649950 8
198 545303298 19843821 8
199 0 20040103 7
0 968678 583583901 8
1 1160226 583775448 7
2 1353969 583969191 7
3 1540413 584155633 7
4 1728041 584343261 8
6 2116428 584731646 7
7 2311378 584926596 8
8 2501744 585116962 8
9 2695971 585311188 8
10 2885820 585501036 8
11 3085446 585700661 8
12 3281707 585896922 8
13 3469019 586084233 8
14 3657565 586272779 8
15 3850181 586465393 8
16 4035354 586650567 8
17 4228941 586844152 6
18 4416353 587031563 8
19 4604372 587219582 8
20 4789232 587404441 8
21 4978535 587593743 7
22 5177117 587792326 8
23 5366640 587981847 8
24 5554290 588169496 8
25 5750621 588365827 8
26 5941633 588556838 7
27 6126089 588741293 8
28 6313196 588928400 8
29 6505612 589120815 8
30 6694029 589309231 8
31 6882571 589497773 8
32 7081516 589696717 7
33 7277930 589893130 7
34 7476125 590091325 8
35 7662974 590278172 8
36 7849073 590464272 8
37 8039767 590654965 8
38 8235451 590850648 8
39 8433695 591048891 8
40 8631699 591246895 8
41 8818045 591433240 8
42 9019261 591634456 8
43 9215864 591831057 8
44 9406015 592021208 8
45 9594169 592209362 8
46 9785636 592400828 8
47 9980802 592595993 8
48 10170714 592785904 8
49 10364347 592979536 8
50 10559363 593174551 8
51 10749816 593365004 7
52 10942774 593557961 8
53 11127570 593742756 7
54 11322408 593937594 8
55 11510709 594125894 8
56 11696508 594311692 7
57 11896309 594511494 8
58 12090269 594705452 8
59 12275289 594890472 8
60 12464022 595079205 8
61 12657551 595272732 7
62 12854372 595469553 7
63 13046873 595662053 8
64 13233524 595848703 7
65 13420426 596035604 8
66 13613679 596228858 7
67 13807164 596422341 8
68 14000004 596615180 8
69 14193172 596808348 7
70 14379402 596994577 7
71 14570620 597185795 8
72 14757975 597373149 8
73 14952225 597567398 8
74 15147799 597762971 8
75 15342729 597957901 8
76 15533364 598148535 8
77 15730148 598345319 8
78 15917893 598533063 7
79 16104744 598719913 8
80 16295446 598910615 8
81 16494400 599109568 8
82 16686853 599302020 8
83 16878037 599493204 8
84 17074339 599689504 8
85 17269986 599885151 7
86 17462886 600078051 8
87 17646569 600261732 8
88 17840491 600455654 8
89 18032417 600647579 8
90 18227361 600842522 8
91 18420554 601035714 7
92 18611907 601227068 8
93 18811779 601426938 8
94 19007740 601622899 8
95 19196127 601811285 8
96 19386999 602002156 8
97 19581003 602196160 8
99 19969385 602584540 8
101 583871678 1256454 7
102 584063945 1448722 7
106 584828676 2213456 7
108 585216857 2601638 7
109 585405086 2789867 7
110 585602138 2986921 7
111 585798009 3182792 7
112 585991908 3376692 7
113 586179572 3564357 6
114 586370657 3755442 7
115 586557069 3941854 6
116 586748970 4133757 7
117 586938753 4323540 7
118 587124053 4508841 7
119 587311896 4696685 7
120 587500841 4885630 7
121 587693216 5078006 7
122 587885811 5270602 7
123 588075519 5460311 7
124 588268269 5653061 7
125 588461488 5846281 7
126 588648238 6033031 7
127 588833566 6218360 7
128 589027283 6412078 7
129 589215649 6600444 7
130 589404724 6789520 7
131 589597314 6982111 7
132 589794749 7179546 7
133 589991462 7376260 6
134 590184666 7569465 7
135 590370498 7755298 6
136 590559371 7944171 7
137 590752484 8137285 7
138 590949934 8334735 7
139 591148135 8532938 7
140 591338997 8723800 7
141 591533791 8918595 7
142 591730854 9115659 7
143 591928337 9313142 7
144 592117442 9502247 7
145 592303930 9688737 7
146 592499517 9884324 7
147 592690345 10075153 7
148 592881985 10266794 7
149 593080023 10464832 6
150 593272872 10657682 7
151 593458881 10843692 7
152 593649966 11034778 7
153 593843382 11228193 6
154 594032947 11417760 7
155 594218953 11603766 7
156 594412371 11797185 7
157 594611041 11995856 7
158 594797294 12182109 7
159 594987284 12372100 7
160 595172202 12557019 7
161 595369623 12754440 6
162 595569879 12954698 6
163 595756296 13141115 7
164 595943020 13327839 6
165 596131296 13516115 6
166 596324916 13709737 7
167 596515361 13900182 7
168 596711527 14096349 7
169 596901229 14286052 6
170 597086449 14471273 6
171 597281246 14666071 7
172 597468622 14853447 7
173 597668533 15053359 7
174 597863310 15248137 7
175 598056546 15441373 7
176 598245030 15629858 7
177 598438434 15823263 7
178 598624668 16009498 7
179 598811978 16196808 7
180 599010261 16395092 7
181 599206821 16591652 7
182 599394082 16778914 7
183 599593059 16977892 7
184 599789862 17174695 7
185 599980442 17365275 7
186 600170172 17555007 7
187 600359468 17744303 8
188 600549238 17934073 7
189 600744508 18129345 8
190 600941677 18326514 7
191 601130331 18515169 7
192 601326423 18711262 6
193 601523452 18908291 7
194 601717832 19102672 6
195 601905607 19290448 7
196 602096735 19481576 8
197 602292731 19677574 7
198 602484780 19869623 7
199 0 20065323 8
0 968679 628893754 10
1 1161127 629086200 9
2 1358471 629283544 9
3 1544915 629469988 10
4 1735243 629660315 9
5 1927449 629852521 9
6 2129031 630054102 9
7 2322181 630247250 9
8 2513446 630438515 8
9 2708574 630633643 8
10 2902024 630827092 9
11 3096249 631021316 10
12 3289809 631214876 10
13 3477121 631402187 9
14 3663867 631588932 9
15 3851083 631776148 9
16 4044356 631969419 9
17 4235243 632160306 10
18 4419955 632345018 9
19 4608874 632533936 8
20 4798234 632723295 9
21 4987538 632912599 9
22 5181619 633106679 9
23 5371142 633296201 9
24 5564193 633489252 9
25 5753323 633678381 8
26 5946135 633871192 9
27 6136893 634061949 9
28 6323099 634248155 8
29 6508314 634433369 9
30 6698532 634623587 9
31 6891574 634816627 9
32 7090519 635015572 8
33 7280632 635205685 9
34 7478827 635403878 9
35 7667476 635592527 9
36 7857176 635782226 9
37 8054170 635979219 8
38 8251655 636176704 9
39 8448999 636374047 9
40 8643402 636568449 9
41 8835149 636760196 9
42 9033665 636958711 9
43 9225768 637150813 9
44 9415918 637340963 9
45 9608573 637533617 9
46 9801841 637726885 9
47 9997007 637922050 9
48 10188719 638113760 9
49 10385953 638310994 9
50 10573768 638498808 9
51 10757920 638682960 9
52 10949978 638875018 9
53 11136574 639061613 9
54 11322409 639247447 9
55 11511611 639436648 9
56 11701912 639626949 9
57 11892710 639817745 9
58 12085770 640010806 9
59 12276191 640201226 9
60 12464025 640389058 9
61 12660254 640585287 9
62 12853475 640778508 9
63 13042384 640967416 9
64 13231726 641156757 9
65 13415928 641340958 9
66 13609180 641534210 8
67 13808066 641733095 9
68 14000906 641925934 9
69 14194975 642120002 9
70 14388406 642313433 9
71 14581424 642506450 9
72 14771479 642696504 9
73 14963029 642888054 9
74 15157704 643082728 9
75 15349933 643274956 9
76 15539668 643464691 9
77 15731951 643656973 9
78 15922396 643847417 9
79 16111948 644036969 9
80 16311652 644236672 9
81 16502504 644427524 8
82 16693157 644618176 9
83 16893343 644818361 9
84 17084244 645009262 9
85 17275390 645200407 8
86 17468290 645393306 9
87 17653773 645578789 9
88 17843195 645768210 9
89 18036021 645961034 9
90 18226464 646151477 9
91 18419657 646344670 9
92 18614611 646539623 9
93 18743547 646734095 9
94 19000542 646925552 9
95 19192530 647117540 9
96 19380701 647305710 9
97 19579206 647504214 9
98 19775945 647700952 9
99 19973816 647898823 9
100 628993052 1067976 8
101 629185940 1260864 8
102 629377772 1452697 8
103 629565261 1640187 9
104 629758569 1833496 8
105 629953137 2028064 8
106 630149663 2224591 8
107 630345587 2420516 9
108 630538931 2613861 9
109 630731313 2806244 8
110 630922311 2997242 8
111 631116349 3191281 8
112 631309620 3384552 9
113 631496371 3571304 8
114 631681163 3756097 8
115 631875572 3950507 8
116 632064620 4139555 8
117 632252315 4327251 8
118 632438958 4513894 8
119 632631435 4706372 8
120 632819649 4894587 8
121 633007785 5082723 9
122 633199769 5274707 8
123 633395228 5470168 8
124 633580902 5655842 8
125 633775804 5850745 8
126 633968894 6043836 8
127 634153680 6228622 8
128 634339913 6414856 8
129 634529219 6604163 9
130 634723946 6798890 8
131 634915378 6990323 8
132 635107466 7182412 8
133 635303546 7378492 8
134 635498947 7573894 8
135 635687759 7762708 8
136 635882970 7957919 8
137 636078439 8153388 8
138 636275255 8350205 8
139 636469422 8544373 8
140 636665811 8740763 8
141 636858561 8933513 8
142 637051286 9126239 8
143 637248126 9323080 8
144 637441345 9516299 8
145 637629433 9704388 8
146 637826248 9901204 8
147 638018627 10093584 8
148 638213612 10288569 8
149 638404303 10479261 8
150 638591061 10666020 8
151 638775392 10850351 8
152 638969361 11044321 8
153 639153986 11228946 8
154 639343522 11418483 8
155 639534425 11609387 8
156 639719216 11794178 8
157 639916324 11991287 8
158 640107985 12182949 8
159 640296679 12371643 8
160 640485175 12560139 8
161 640678006 12752972 8
162 640875962 12950929 8
163 641064313 13139280 8
164 641248456 13323424 8
165 641436410 13511378 8
166 641634934 13709903 8
167 641826342 13901312 8
168 642023653 14098623 8
169 642220024 14294995 8
170 642406788 14481760 8
171 642604870 14679842 8
172 642788965 14863938 8
173 642988249 15063223 8
174 643180233 15255208 8
175 643372585 15447561 8
176 643557116 15632092 8
177 643752837 15827814 9
178 643941851 16016829 8
179 644137271 16212249 9
180 644328828 16403807 8
181 644522897 16597877 8
182 644719038 16794018 8
183 644912931 16987912 8
184 645105276 17180257 8
185 645295176 17370159 8
186 645486907 17561889 8
187 645672612 17747596 8
188 645862068 17937052 8
189 646053568 18128552 8
190 646250084 18325070 8
191 646442961 18517947 8
192 646633914 18708901 8
193 646826666 18901654 8
194 647024152 19099141 8
195 647209133 19284121 8
196 647405575 19480565 8
197 647604664 19679654 8
198 647799871 19874862 8
199 0 20068367 8
0 968678 673513953 7
1 1157527 673702801 7
2 1354870 673900144 8
3 1544015 674089287 7
4 1737943 674283215 3
5 1923849 674469121 8
6 2120930 674666201 8
7 2313179 674858449 7
8 2503545 675048815 8
9 2695972 675241241 8
10 2891222 675436490 8
11 3089948 675635216 8
12 3282608 675827874 8
13 3474421 676019688 8
14 3664767 676210032 7
15 3858284 676403548 7
16 4049757 676595021 8
17 4242444 676787708 7
18 4431657 676976920 7
19 4624177 677169439 8
20 4810837 677356099 7
21 4997440 677542701 8
22 5189721 677734981 7
23 5379244 677924504 8
24 5566894 678112152 7
25 5763225 678308483 8
26 5950637 678495895 7
27 6140494 678685750 7
28 6327600 678872856 5
29 6520016 679065271 6
30 6705733 679250987 6
31 6892475 679437729 7
32 7091420 679636674 7
33 7289634 679834886 7
34 7484228 680029480 8
36 7862578 680407828 8
37 8055972 680601222 8
38 8249856 680795104 7
40 8643403 681188651 8
41 8834250 681379496 7
43 9229369 681774615 8
44 9417720 681962964 7
45 9608574 682153818 7
46 9800942 682346185 7
47 9994308 682539551 6
48 10190521 682735763 6
49 10381453 682926695 5
51 10762422 683307662 7
52 10955380 683500619 6
53 11144677 683689915 6
54 11334040 683879278 6
55 11523315 684068553 6
56 11710014 684255250 6
57 11903514 684448750 5
58 12094773 684640009 6
59 12281594 684826828 5
60 12473028 685018262 6
61 12665657 685210891 7
62 12862478 685407711 7
64 13241629 685786859 7
65 13434833 685980064 7
66 13624485 686169715 7
67 13822471 686367700 7
69 14214780 686760008 6
70 14400110 686945336 6
71 14593128 687138354 6
72 14784083 687329309 6
73 14983735 687528959 7
74 15177509 687722733 7
75 15365238 687910462 7
76 15548671 688093894 7
77 15740955 688286177 6
78 15935000 688480222 6
79 16127252 688672472 5
80 16321555 688866775 5
81 16515109 689060329 6
82 16709362 689254580 6
83 16903247 689448465 6
84 17099549 689644766 6
85 17289795 689835011 5
86 17480895 690026111 6
87 17665477 690210692 6
88 17857600 690402814 6
89 18052226 690597440 6
90 18245369 690790581 7
91 18435862 690981075 7
92 18627215 691172427 7
93 18820786 691365996 6
94 19012247 691557458 6
95 19203334 691748544 6
96 19398707 691943916 6
97 19594512 692139720 6
98 19787650 692332858 6
99 19979220 692524427 7
100 673609336 1064060 6
101 673802631 1257355 5
102 673997795 1452520 7
103 674188242 1642968 6
104 674375816 1830542 8
105 674565473 2020200 5
106 674760990 2215718 8
107 674956100 2410828 6
108 675147170 2601899 5
109 675340706 2795435 8
110 675536656 2991386 6
111 675728926 3183658 7
112 675927534 3382266 6
113 676117448 3572181 8
114 676308616 3763350 6
115 676501723 3956456 7
116 676692341 4147076 7
117 676884051 4338787 6
118 677073733 4528468 7
119 677263649 4718386 7
120 677449383 4904121 7
121 677635436 5090174 6
122 677828537 5283276 6
123 678018147 5472887 6
124 678211084 5665824 6
125 678400860 5855601 5
126 678592287 6047029 7
127 678778185 6232927 4
128 678971984 6426728 5
129 679157211 6611955 6
130 679344699 6799443 6
131 679536487 6991232 6
132 679736500 7191246 7
133 679929598 7384344 6
134 680125516 7580263 7
135 680313427 7768174 7
136 680505225 7959973 6
137 680697011 8151760 7
138 680891367 8346117 7
139 681089929 8544680 7
140 681284653 8739404 7
141 681478563 8933315 7
142 681674864 9129617 7
143 681869687 9324440 7
144 682061531 9516284 6
145 682248802 9703558 6
146 682443715 9898470 6
147 682640206 10094962 5
148 682829871 10284628 5
149 683027006 10481763 4
150 683215875 10670633 6
151 683401010 10855769 6
152 683597287 11052046 5
153 683785345 11240105 5
154 683975798 11430559 6
155 684162759 11617520 5
156 684349457 11804219 4
157 684545512 12000275 5
158 684733349 12188113 4
159 684925930 12380694 4
160 685110908 12565673 6
161 685307583 12762348 7
162 685504161 12958927 7
163 685694693 13149460 7
164 685887141 13341909 7
165 686072282 13527050 6
166 686270007 13724776 6
167 686465629 13920399 6
168 686663235 14118005 5
169 686852437 14307209 5
170 687038613 14493385 5
171 687237325 14692097 5
172 687430190 14884963 6
173 687628644 15083418 6
174 687815233 15270008 6
175 688002008 15456784 6
176 688185436 15640212 5
177 688384856 15839633 5
178 688577339 16032117 4
179 688767673 16222451 4
180 688961689 16416469 4
181 689158922 16613701 5
182 689348949 16803728 5
183 689548015 17002796 5
184 689739763 17194544 5
185 689927723 17382505 5
186 690119158 17573941 5
187 690306916 17761700 5
188 690498599 17953383 6
189 690692028 18146813 6
190 690885825 18340610 6
191 691075578 18530364 6
192 691265277 18720064 6
193 691458533 18913321 5
194 691655060 19109848 5
195 691847225 19302014 5
196 692040351 19495140 5
197 692236283 19691073 5
198 692425465 19880256 6
199 0 20073835 6
0 968675 947363700 6
1 1157523 947552546 6
2 1351265 947746288 6
3 1537709 947932732 7
4 1733437 948128460 4
5 1926543 948321564 6
6 2120023 948515044 6
7 2312272 948707292 7
8 2501737 948896757 5
9 2688762 949083782 6
10 2884012 949279030 7
11 3076436 949471454 6
12 3269996 949665013 6
13 3460908 949855925 6
14 3653054 950048070 6
15 3840269 950235285 7
16 4027241 950422256 6
17 4219927 950614941 6
18 4406439 950801453 6
19 4594458 950989471 6
20 4782917 951177929 6
21 4972220 951367232 7
22 5164501 951559512 7
23 5360324 951755335 7
24 5546173 951941183 7
25 5736203 952131212 7
26 5926314 952321323 7
27 6114371 952509380 7
28 6307777 952702786 7
29 6496592 952891599 7
30 6688610 953083616 7
31 6877151 953272157 7
32 7076096 953471101 7
33 7271609 953666614 7
34 7468003 953863007 7
35 7655752 954050755 7
36 7846351 954241354 7
37 8039744 954434747 7
38 8230027 954625028 7
39 8427370 954822371 7
40 8619073 955014074 7
41 8812619 955207619 7
42 9005734 955400733 7
43 9197836 955592835 7
44 9387086 955782084 7
45 9574339 955969337 7
46 9769407 956164404 7
47 9958271 956353267 7
48 10146382 956541377 7
49 10337314 956732309 7
50 10528729 956923724 7
51 10715581 957110575 7
52 10909439 957304432 7
53 11097835 957492827 7
54 11290798 957685790 7
55 11483673 957878665 7
56 11669472 958064463 7
57 11862971 958257961 7
58 12057830 958452820 7
59 12247351 958642340 7
60 12431583 958826572 7
61 12624211 959019199 7
62 12817431 959212418 7
63 13007231 959402217 7
64 13192981 959587967 7
65 13384383 959779369 7
66 13578536 959973521 7
67 13774721 960169705 7
68 13973861 960368845 7
69 14168830 960563813 7
70 14355059 960750042 7
71 14552577 960947559 7
72 14736331 961131312 7
73 14929680 961324661 6
74 15123454 961518435 5
75 15317483 961712463 7
76 15509018 961903997 5
77 15701301 962096279 7
78 15889945 962284923 6
79 16083096 962478074 6
80 16282799 962677775 7
81 16476352 962871328 7
82 16672405 963067380 7
83 16863589 963258564 7
84 17058090 963453065 7
85 17250136 963645109 7
86 17441235 963836207 7
87 17632118 964027091 7
88 17822440 964217412 7
89 18020666 964415636 7
90 18219219 964614189 7
91 18411502 964806472 7
92 18603755 964998724 7
93 18796425 965191394 7
94 18994186 965389154 7
95 19179872 965574839 7
96 19376144 965771111 7
97 19572849 965967815 7
98 19768687 966163652 7
99 19964757 966359722 7
100 947459019 1063993 5
101 947649073 1254048 5
102 947840379 1445354 5
103 948033586 1638562 6
104 948228092 1833069 6
105 948413885 2018862 5
106 948609621 2214599 4
107 948803763 2408742 6
108 948989762 2594742 6
109 949182524 2787504 5
110 949372712 2977692 5
111 949566198 3171179 5
112 949763344 3368326 5
113 949954789 3559771 5
114 950140523 3745506 6
115 950328387 3933370 5
116 950520038 4125021 5
117 950708772 4313757 6
118 950894364 4499349 5
119 951086021 4691007 6
120 951273655 4878641 5
121 951460584 5065571 6
122 951659093 5264081 6
123 951847622 5452610 6
124 952033801 5638789 6
125 952226309 5831298 6
126 952416633 6021622 6
127 952608294 6213285 6
128 952797429 6402420 6
129 952989682 6594673 6
130 953179163 6784155 6
131 953371036 6976029 6
132 953568609 7173603 6
133 953763130 7368124 6
134 953957322 7562316 6
135 954147210 7752205 6
136 954339109 7944105 6
137 954526982 8131978 6
138 954722966 8327963 6
139 954914978 8519975 6
140 955113269 8718268 6
141 955300715 8905714 6
142 955492625 9097624 6
143 955689121 9294121 6
144 955877565 9482565 6
145 956066992 9671994 6
146 956257088 9862090 6
147 956446545 10051547 6
148 956634719 10239722 6
149 956829374 10434377 6
150 957018505 10623510 6
151 957204525 10809530 6
152 957400277 11005282 6
153 957592310 11197315 6
154 957785847 11390854 6
155 957971583 11576590 6
156 958159235 11764243 6
157 958358049 11963057 6
158 958548973 12153982 6
159 958734561 12339570 6
160 958918922 12523932 6
161 959112206 12717217 6
162 959310408 12915419 6
163 959495376 13100387 6
164 959686874 13291887 6
165 959875974 13480988 6
166 960072109 13677122 7
168 960467316 14072330 6
169 960657365 14262381 6
170 960848283 14453299 6
171 961039406 14644423 6
172 961224976 14829994 5
173 961423598 15028617 5
174 961617841 15222859 5
175 961812071 15417090 5
176 961996010 15601030 5
177 962190046 15795066 5
178 962382124 15987145 5
179 962578607 16183628 5
180 962772244 16377266 6
181 962972427 16577449 5
182 963159256 16764279 6
183 963356142 16961166 6
184 963550427 17155452 6
185 963737996 17343021 6
186 963934889 17539914 6
187 964121675 17726702 6
188 964316784 17921812 6
189 964516109 18121136 6
190 964712382 18317410 6
191 964902470 18507499 6
192 965091233 18696263 6
193 965289583 18894613 6
194 965481681 19086711 6
195 965674677 19279708 6
196 965869068 19474100 6
197 966067508 19672540 6
198 966260137 19865170 6
199 0 20061517 6
0 968677 11628722 7
1 1153924 11813969 7
2 1343166 12003210 6
3 1527810 12187853 7
4 1720838 12380881 6
5 1912144 12572186 6
6 2106524 12766566 6
7 2305074 12965115 7
8 2495440 13155480 6
9 2685166 13345206 6
10 2878615 13538654 6
11 3073741 13733780 6
12 3264600 13924638 6
13 3451012 14111050 4
14 3640458 14300495 6
15 3827673 14487709 6
16 4013745 14673781 6
17 4205532 14865568 6
18 4397445 15057480 6
19 4593565 15253598 6
20 4785625 15445659 5
21 4971328 15631361 6
22 5166309 15826341 6
23 5354932 16014964 6
24 5546182 16206213 5
25 5737112 16397142 6
26 5924524 16584554 6
27 6109880 16769909 6
28 6303287 16963316 6
29 6493902 17153930 6
30 6683220 17343248 6
31 6871761 17531788 6
32 7071606 17731632 6
33 7268020 17928045 6
34 7461714 18121739 6
35 7648563 18308588 6
36 7840062 18500087 6
37 8031656 18691679 6
38 8226440 18886463 6
39 8417482 19077505 6
40 8609185 19269207 6
41 8801832 19461853 6
42 8994947 19654967 6
43 9188849 19848869 6
44 9381700 20041719 6
45 9573454 20233473 5
46 9769422 20429441 6
47 9959187 20619204 6
48 10148199 20808216 5
49 10345432 21005449 6
50 10537747 21197763 6
51 10727300 21387315 6
52 10924759 21584774 6
53 11109554 21769568 6
54 11303418 21963431 6
55 11490893 22150906 6
56 11683893 22343906 6
57 11881892 22541904 6
58 12068651 22728662 6
59 12254571 22914581 6
60 12444205 23104215 6
61 12637733 23297743 6
62 12834554 23494563 6
63 13020753 23680761 6
64 13213705 23873713 6
65 13403308 24063315 6
66 13594760 24254767 5
67 13783744 24443750 6
68 13982885 24642891 6
69 14178753 24838758 6
70 14372184 25032188 6
71 14567002 25227006 6
72 14750756 25410759 6
73 14941406 25601408 6
74 15132479 25792481 6
75 15319308 25979310 6
76 15510842 26170842 6
77 15709427 26369427 6
78 15897171 26557170 6
79 16088522 26748521 6
80 16284625 26944623 6
81 16477278 27137275 6
82 16665230 27325228 6
83 16857314 27517310 6
84 17050016 27710012 6
85 17242962 27902957 6
86 17435861 28095857 6
87 17626745 28286739 6
88 17815267 28475261 6
89 18010793 28670786 6
90 18203036 28863028 6
91 18397128 29057120 5
92 18591182 29251173 6
93 18788353 29448344 6
94 18983414 29643404 6
95 19172701 29832690 6
96 19364472 30024461 6
97 19559377 30219365 6
98 19748914 30408902 6
99 19946785 30606773 6
100 11720833 1060787 6
101 11905577 1245531 6
102 12096059 1436014 5
103 12286178 1626134 6
104 12478883 1818839 5
105 12665900 2005856 5
106 12867370 2207327 6
107 13062705 2402663 5
108 13251129 2591087 5
109 13442154 2782113 6
110 13635548 2975507 5
111 13825626 3165586 5
112 14018750 3358711 5
113 14207991 3547953 6
114 14393484 3733446 4
115 14580661 3920623 5
116 14770343 4110306 5
117 14964395 4304359 5
118 15158091 4498055 5
119 15353758 4693723 4
120 15538344 4878309 5
121 15727141 5067107 5
122 15918484 5258450 4
123 16112641 5452608 5
124 16299236 5639204 5
125 16489350 5829319 5
126 16676844 6016812 5
127 16868716 6208685 5
128 17060515 6400486 5
129 17249567 6589538 5
130 17439341 6779312 5
131 17631463 6971434 5
132 17830013 7169986 5
134 18215408 7555381 5
135 18406328 7746302 4
136 18595480 7935455 5
137 18788905 8128880 5
138 18978784 8318759 5
139 19170006 8509983 4
140 19367015 8706992 4
141 19554813 8894790 5
142 19749071 9089050 5
143 19948955 9288933 5
144 20141615 9481594 5
145 20332251 9672231 5
146 20522733 9862713 5
147 20712690 10052671 5
148 20908584 10248565 4
149 21103522 10443504 5
150 21295055 10635038 5
151 21484933 10824917 5
152 21677377 11017361 4
153 21869237 11209221 4
154 22057966 11397951 5
155 22251618 11591604 5
156 22443200 11783187 5
157 22633814 11973801 5
158 22820910 12160898 4
159 23012330 12352318 5
160 23197350 12537339 5
161 23394892 12734881 5
162 23588577 12928567 5
163 23781772 13121762 5
164 23970619 13310610 5
165 24157080 13497071 5
166 24346301 13686293 5
167 24542900 13882893 5
168 24742058 14082051 5
169 24939418 14279412 4
170 25127166 14467160 5
171 25319300 14659295 5
172 25502872 14842868 5
173 25698264 15038260 5
174 25884544 15224541 5
175 26078510 15418508 5
176 26269723 15609721 5
177 26461761 15801759 4
178 26652924 15992924 5
179 26845691 16185691 5
180 27038120 16378120 5
181 27230394 16570395 5
182 27418372 16758374 5
183 27613660 16953663 4
184 27808346 17148348 5
185 27997964 17337967 5
186 28194692 17534696 5
187 28379612 17719617 4
188 28572504 17912509 5
189 28764955 18104961 5
190 28962443 18302449 5
191 29154493 18494500 5
192 29347642 18687650 5
193 29543981 18883989 5
194 29739749 19079757 5
195 29927695 19267704 5
196 30120178 19460188 5
197 30312886 19652896 4
198 30507315 19847325 5
199 0 20045473 5
0 968677 194503550 7
1 1157525 194692398 8
2 1349467 194884340 7
3 1540412 195075283 7
4 1731640 195266511 7
5 1922046 195456917 7
6 2122727 195657597 7
7 2318577 195853446 7
8 2508042 196042911 7
9 2702269 196237137 7
10 2898419 196433287 7
11 3098045 196632911 7
12 3292506 196827372 7
13 3477117 197011983 7
14 3666563 197201429 7
15 3853778 197388642 7
16 4039851 197574715 7
17 4227136 197761999 8
18 4415449 197950311 7
19 4603468 198138330 7
20 4788327 198323189 7
21 4982131 198516992 7
22 5179813 198714673 7
23 5369336 198904196 7
24 5563286 199098145 7
25 5757817 199292676 7
26 5947929 199482787 7
27 6136886 199671743 7
28 6332993 199867849 7
29 6520909 200055766 7
30 6714727 200249583 6
31 6905068 200439922 7
32 7097785 200632639 7
33 7294126 200828980 6
34 7486020 201020873 7
35 7676469 201211322 7
36 7866169 201401022 7
37 8054162 201589013 7
38 8252546 201787397 7
39 8444489 201979339 7
40 8644293 202179142 7
41 8834239 202369088 7
42 9033656 202568504 7
43 9225758 202760605 7
44 9415008 202949855 7
45 9601361 203136208 7
46 9799130 203333976 7
47 9991595 203526440 7
48 10179707 203714552 7
49 10374240 203909083 6
50 10565655 204100498 6
51 10751607 204286450 6
52 10947265 204482107 6
53 11137462 204672303 6
54 11327725 204862566 6
55 11519700 205054541 6
56 11707300 205242140 6
57 11904400 205439240 7
58 12094759 205629598 7
59 12287880 205822718 7
60 12478414 206013252 7
61 12677343 206212180 7
62 12878665 206413501 7
63 13067565 206602401 7
64 13251515 206786350 7
65 13439317 206974151 6
66 13637070 207171904 6
67 13827855 207362689 6
68 14026096 207560929 6
69 14221964 207756796 7
70 14414495 207949326 7
71 14605713 208140543 6
72 14791267 208326097 7
73 14983717 208518547 6
74 15172090 208706918 6
75 15360719 208895547 6
76 15554054 209088882 6
77 15751738 209286565 6
78 15946683 209481510 6
79 16139835 209674661 6
80 16337738 209872563 6
81 16533092 210067917 6
82 16727345 210262169 6
83 16924830 210459653 6
84 17114831 210649654 6
85 17310478 210845301 6
86 17504277 211039098 6
87 17693361 211228182 6
88 17889084 211423904 6
89 18083710 211618529 6
90 18275953 211810772 6
91 18462844 211997662 6
92 18658698 212193517 6
93 18856770 212391588 6
94 19054531 212589348 6
95 19241117 212775934 6
96 19430188 212965004 6
97 19627794 213162609 6
98 19815531 213350346 7
99 20015202 213550016 7
100 194599034 1064159 7
101 194786803 1251929 7
102 194982961 1448088 7
103 195171747 1636874 6
104 195363567 1828695 6
105 195556765 2021894 6
106 195755916 2221044 6
107 195950454 2415584 6
108 196142655 2607785 6
109 196337519 2802649 6
110 196534167 2999298 6
111 196728703 3193835 6
112 196919746 3384878 6
113 197108624 3573758 6
114 197293858 3758992 6
115 197481252 3946386 6
116 197666856 4131992 7
117 197857314 4322449 6
118 198042864 4508000 6
119 198231085 4696221 6
120 198423340 4888478 6
121 198615840 5080978 6
122 198808165 5273303 6
123 199004734 5469873 6
124 199195510 5660650 6
125 199387341 5852481 6
126 199578191 6043332 6
127 199772707 6237848 6
128 199962334 6427476 6
129 200155224 6620367 6
130 200347485 6812629 6
131 200532541 6997685 5
132 200730876 7196021 6
133 200920636 7385781 6
134 201117765 7582910 6
135 201306501 7771648 6
136 201493178 7958325 6
137 201689484 8154631 6
138 201880514 8345662 6
139 202079879 8545028 6
140 202274341 8739490 6
141 202468384 8933534 6
142 202660532 9125683 6
143 202856913 9322064 6
144 203044491 9509643 6
145 203236583 9701735 6
146 203430394 9895547 6
147 203618877 10084031 6
148 203811948 10277102 6
149 204005944 10471099 5
150 204194119 10659273 6
151 204382973 10848129 6
152 204579337 11044494 5
153 204769221 11234378 5
154 204961748 11426906 5
155 205149247 11614405 5
156 205340010 11805169 5
157 205534568 11999728 6
158 205729327 12194487 6
159 205921033 12386194 6
160 206112169 12577331 6
161 206313330 12778492 6
162 206510575 12975737 6
163 206694212 13159375 6
164 206881509 13346672 5
165 207073749 13538913 6
166 207264829 13729995 6
167 207461050 13926215 5
168 207660232 14125398 6
169 207855935 14321103 6
170 208041229 14506397 6
171 208234780 14699948 6
172 208419737 14884905 5
173 208612276 15077446 5
174 208800967 15266137 5
175 208996536 15461706 5
176 209186947 15652118 5
177 209386227 15851399 5
178 209579276 16044448 5
179 209773819 16238992 5
180 209969251 16434425 5
181 210167303 16632477 5
182 210360436 16825611 5
183 210553435 17018610 5
184 210750031 17215207 5
185 210941498 17406675 5
186 211136299 17601476 5
187 211328503 17793680 5
188 211519673 17984852 5
189 211712912 18178091 5
190 211903408 18368587 5
191 212097124 18562305 5
192 212291462 18756643 5
193 212490240 18955421 5
194 212683186 19148368 6
195 212868328 19333511 6
196 213063476 19528659 5
197 213254236 19719421 6
198 213450693 19915877 6
199 0 20112626 6
0 968677 261686640 7
1 1162926 261880888 7
2 1360269 262078230 6
3 1546713 262264674 7
4 1736141 262454102 7
5 1922946 262640906 7
6 2122727 262840686 7
7 2314976 263032935 6
8 2501741 263219700 7
9 2693268 263411225 7
10 2888517 263606474 7
11 3087243 263805200 7
12 3285304 264003260 7
13 3471716 264189671 6
14 3663862 264381817 6
15 3853778 264571732 6
16 4041650 264759603 6
17 4232537 264950490 7
18 4426250 265144201 7
19 4619670 265337621 7
20 4805429 265523380 7
21 4992032 265709982 7
22 5184313 265902262 7
23 5377437 266095386 7
24 5565986 266283935 7
25 5755116 266473064 7
26 5944328 266662276 7
27 6135085 266853033 7
28 6330292 267048238 7
29 6515507 267233453 7
30 6708425 267426370 7
31 6901467 267619411 7
32 7095011 267812955 7
33 7293225 268011169 7
34 7490520 268208463 7
35 7675568 268393511 7
36 7869768 268587710 7
37 8061362 268779302 7
38 8256146 268974087 7
39 8449889 269167829 7
40 8645192 269363131 7
41 8833338 269551276 7
42 9026453 269744391 7
43 9220356 269938294 7
44 9406006 270123943 7
45 9595959 270313895 7
46 9790127 270508064 7
47 9980792 270698727 7
48 10170704 270888638 7
49 10361636 271079571 7
50 10550351 271268285 7
51 10737204 271455137 7
52 10931962 271649894 7
53 11125759 271843691 7
54 11312422 272030353 7
55 11500817 272218747 7
56 11690196 272408126 7
57 11889096 272607025 7
58 12083055 272800983 7
59 12275277 272993205 6
60 12467611 273185538 6
61 12665640 273383567 7
62 12861561 273579488 6
63 13048660 273766585 6
64 13241612 273959537 7
65 13426714 274144638 6
66 13617266 274335191 6
67 13808950 274526873 6
68 14008091 274726014 6
69 14197659 274915582 6
70 14383889 275101810 6
71 14575106 275293027 6
72 14759760 275477680 6
73 14953110 275671029 6
74 15139683 275857603 6
75 15333713 276051632 6
76 15519846 276237765 6
77 15720231 276438148 6
78 15911576 276629493 6
79 16107428 276825345 6
80 16305331 277023246 6
81 16497084 277215000 6
82 16685936 277403851 6
83 16883421 277601335 6
84 17073422 277791336 6
85 17260968 277978881 6
86 17452067 278169979 6
87 17641150 278359062 6
88 17832372 278550283 6
89 18026098 278744008 6
90 18225542 278943452 6
91 18416034 279133944 6
92 18609188 279327096 6
93 18803659 279521567 6
94 19003220 279721128 6
95 19188907 279906814 6
96 19377077 280094983 6
97 19575583 280293489 6
98 19769621 280487527 6
99 19966592 280684496 6
100 261787196 1069232 6
101 261981431 1263467 6
102 262172548 1454585 6
103 262359078 1641115 6
104 262547532 1829570 6
105 262740102 2022141 6
106 262934817 2216856 6
107 263126332 2408372 6
108 263317155 2599196 6
109 263510228 2792269 6
110 263706912 2988954 6
111 263904520 3186562 6
112 264097276 3379319 5
113 264288597 3570641 5
114 264477471 3759515 5
115 264666301 3948345 5
116 264855522 4137568 6
117 265051104 4333150 6
118 265242088 4524135 6
119 265431179 4713226 6
120 265616718 4898766 6
121 265802915 5084963 6
122 265999211 5281259 6
123 266190383 5472432 6
124 266375523 5657573 6
125 266567673 5849724 6
126 266760117 6042169 6
127 266953605 6235657 6
128 267139996 6422048 6
129 267332796 6614849 6
130 267526570 6808623 6
131 267712902 6994956 6
132 267912750 7194804 6
133 268108370 7390425 6
134 268299866 7581922 6
135 268493824 7775880 6
136 268683894 7965951 6
137 268875679 8157736 6
138 269068767 8350825 6
139 269263640 8545699 6
140 269456658 8738718 6
141 269643928 8925988 6
142 269838668 9120729 6
143 270030812 9312873 6
144 270222119 9504181 6
145 270410713 9692776 6
146 270602999 9885062 7
147 270793306 10075370 6
148 270982310 10264374 6
149 271174526 10456591 6
150 271362947 10645012 6
151 271550758 10832823 6
152 271750805 11032872 6
153 271936939 11219006 6
154 272125775 11407842 6
155 272315843 11597912 6
156 272508027 11790096 6
157 272705794 11987863 6
158 272899409 12181479 6
159 273092988 12375059 5
160 273283317 12565388 5
161 273479113 12761185 6
162 273674996 12957069 6
163 273867185 13149258 5
164 274052330 13334404 6
165 274237454 13519528 5
166 274429377 13711452 6
167 274626144 13908219 5
168 274818421 14100497 5
169 275007826 14289903 5
170 275193281 14475358 5
171 275385525 14667604 5
172 275571832 14853911 6
173 275763210 15045288 5
174 275956409 15238488 5
175 276145727 15427807 5
176 276338168 15620248 5
177 276534476 15816557 5
178 276729942 16012024 5
179 276924626 16206709 5
180 277116076 16398158 5
181 277308682 16590765 5
182 277502428 16784512 5
183 277694856 16976941 5
184 277884019 17166105 5
185 278071589 17353675 5
186 278267386 17549472 5
187 278454184 17736271 5
188 278644951 17927038 5
189 278844829 18126917 5
190 279039651 18321740 5
191 279230117 18512207 5
192 279421535 18703625 5
193 279621626 18903717 5
194 279813359 19095450 5
195 279998440 19280531 5
196 280194138 19476230 5
197 280391304 19673397 5
198 280584918 19867012 5
199 0 20061371 5
