00 00 03 00 04 16 00 06 00 00 00 00 00 00 07 52 F0 09 00 07 00 00 00 00 00 00 00 00 00 00 
00 00 04 00 03 16 00 06 00 01 00 00 00 00 00 00 00 00 00 00 00 00 00 00 00 00 00 00 00 00 
00 00 03 00 04 16 00 06 00 00 07 54 56 18 07 55 C3 A6 00 07 00 00 00 00 00 00 00 00 00 00 
00 00 03 00 04 16 00 06 00 00 07 57 2B 44 07 58 A6 E0 00 07 00 00 00 00 00 00 00 00 00 00 
00 00 03 00 04 16 00 06 00 00 07 5A 0F D2 07 5B 78 23 00 06 00 00 00 00 00 00 00 00 00 00 
00 00 03 00 04 16 00 06 00 00 07 5C F6 78 07 5E 6A 25 00 08 00 00 00 00 00 00 00 00 00 00 
00 00 03 00 04 16 00 06 00 00 07 5F EA BD 07 61 58 F1 00 06 00 00 00 00 00 00 00 00 00 00 
00 00 03 00 04 16 00 06 00 00 07 62 C5 46 07 64 50 3D 00 09 00 00 00 00 00 00 00 00 00 00 
00 00 03 00 04 16 00 06 00 00 07 65 D8 43 07 67 57 D1 00 09 00 00 00 00 00 00 00 00 00 00 
00 00 04 00 03 16 00 06 00 08 00 00 00 00 00 00 00 00 00 00 00 00 00 00 00 00 00 00 00 00 
00 00 03 00 04 16 00 06 00 00 07 68 D6 CE 07 6A 42 F2 00 08 00 00 00 00 00 00 00 00 00 00 
00 00 04 00 03 16 00 06 00 09 00 00 00 00 00 00 00 00 00 00 00 00 00 00 00 00 00 00 00 00 
00 00 03 00 04 16 00 06 00 00 07 6B B6 D5 07 6D 28 0F 00 08 00 00 00 00 00 00 00 00 00 00 
00 00 04 00 03 16 00 06 00 0A 00 00 00 00 00 00 00 00 00 00 00 00 00 00 00 00 00 00 00 00 
00 00 03 00 04 16 00 06 00 00 07 6E A4 8B 07 70 1B B7 00 08 00 00 00 00 00 00 00 00 00 00 
00 00 03 00 04 16 00 06 00 00 07 71 97 FC 07 73 19 6F 00 08 00 00 00 00 00 00 00 00 00 00 
00 00 03 00 04 16 00 06 00 00 07 74 81 FE 07 76 02 FA 00 08 00 00 00 00 00 00 00 00 00 00 
00 00 03 00 04 16 00 06 00 00 07 77 74 62 07 78 DE A8 00 09 00 00 00 00 00 00 00 00 00 00 
00 00 03 00 04 16 00 06 00 00 07 7A 5B 1E 07 7B C6 31 00 08 00 00 00 00 00 00 00 00 00 00 
00 00 03 00 04 16 00 06 00 00 07 7D 2F B3 07 7E A1 7F 00 07 00 00 00 00 00 00 00 00 00 00 
00 00 03 00 04 16 00 06 00 00 07 80 0A DB 07 81 78 57 00 07 00 00 00 00 00 00 00 00 00 00 
00 00 03 00 04 16 00 06 00 00 07 82 F3 51 07 84 69 04 00 08 00 00 00 00 00 00 00 00 00 00 
00 00 03 00 04 16 00 06 00 00 07 85 EC D8 07 87 56 AB 00 08 00 00 00 00 00 00 00 00 00 00 
00 00 03 00 04 16 00 06 00 00 07 88 DD F4 07 8A 51 3E 00 06 00 00 00 00 00 00 00 00 00 00 
00 00 04 00 03 16 00 06 00 14 00 00 00 00 00 00 00 00 00 00 00 00 00 00 00 00 00 00 00 00 
00 00 03 00 04 16 00 06 00 00 07 8B D6 C3 07 8D 3F 79 00 05 00 00 00 00 00 00 00 00 00 00 
00 00 03 00 04 16 00 06 00 00 07 8E A7 CD 07 90 14 DE 00 04 00 00 00 00 00 00 00 00 00 00 
00 00 04 00 03 16 00 06 00 16 00 00 00 00 00 00 00 00 00 00 00 00 00 00 00 00 00 00 00 00 
00 00 03 00 04 16 00 06 00 00 07 91 8C CD 07 93 12 06 00 04 00 00 00 00 00 00 00 00 00 00 
00 00 03 00 04 16 00 06 00 00 07 94 78 3B 07 95 EF 50 00 05 00 00 00 00 00 00 00 00 00 00 
00 00 03 00 04 16 00 06 00 00 07 97 6E A8 07 98 DD E5 00 05 00 00 00 00 00 00 00 00 00 00 
00 00 03 00 04 16 00 06 00 00 07 9A 47 8B 07 9B C4 33 00 06 00 00 00 00 00 00 00 00 00 00 
00 00 03 00 04 16 00 06 00 00 07 9D 2A A8 07 9E 9C BF 00 06 00 00 00 00 00 00 00 00 00 00 
00 00 03 00 04 16 00 06 00 00 07 A0 07 0E 07 A1 74 4F 00 06 00 00 00 00 00 00 00 00 00 00 
00 00 03 00 04 16 00 06 00 00 07 A2 F8 12 07 A4 6B 51 00 06 00 00 00 00 00 00 00 00 00 00 
00 00 03 00 04 16 00 06 00 00 07 A5 E5 49 07 A7 53 E7 00 06 00 00 00 00 00 00 00 00 00 00 
00 00 03 00 04 16 00 06 00 00 07 A8 C7 C4 07 AA 37 6B 00 07 00 00 00 00 00 00 00 00 00 00 
00 00 03 00 04 16 00 06 00 00 07 AB AD 12 07 AD 17 E7 00 07 00 00 00 00 00 00 00 00 00 00 
00 00 03 00 04 16 00 06 00 00 07 AE 9F 0F 07 B0 24 8A 00 07 00 00 00 00 00 00 00 00 00 00 
00 00 03 00 04 16 00 06 00 00 07 B1 A6 A5 07 B3 27 4C 00 07 00 00 00 00 00 00 00 00 00 00 
00 00 03 00 04 16 00 06 00 00 07 B4 91 F2 07 B6 18 65 00 07 00 00 00 00 00 00 00 00 00 00 
00 00 03 00 04 16 00 06 00 00 07 B7 84 93 07 B8 F2 44 00 07 00 00 00 00 00 00 00 00 00 00 
00 00 03 00 04 16 00 06 00 00 07 BA 71 DF 07 BB E1 D2 00 07 00 00 00 00 00 00 00 00 00 00 
00 00 03 00 04 16 00 06 00 00 07 BD 58 42 07 BE CE 3B 00 07 00 00 00 00 00 00 00 00 00 00 
00 00 03 00 04 16 00 06 00 00 07 C0 48 4F 07 C1 C7 19 00 07 00 00 00 00 00 00 00 00 00 00 
00 00 03 00 04 16 00 06 00 00 07 C3 31 89 07 C4 B4 DE 00 07 00 00 00 00 00 00 00 00 00 00 
00 00 03 00 04 16 00 06 00 00 07 C6 1C 7F 07 C7 9E 30 00 07 00 00 00 00 00 00 00 00 00 00 
00 00 03 00 04 16 00 06 00 00 07 C9 1A 8C 07 CA 8B 31 00 07 00 00 00 00 00 00 00 00 00 00 
00 00 03 00 04 16 00 06 00 00 07 CB F4 9D 07 CD 7D 8C 00 07 00 00 00 00 00 00 00 00 00 00 
00 00 03 00 04 16 00 06 00 00 07 CE EE F3 07 D0 76 7D 00 07 00 00 00 00 00 00 00 00 00 00 
00 00 03 00 04 16 00 06 00 00 07 D1 FB BE 07 D3 67 CE 00 07 00 00 00 00 00 00 00 00 00 00 
00 00 03 00 04 16 00 06 00 00 07 D4 EC 52 07 D6 54 D7 00 07 00 00 00 00 00 00 00 00 00 00 
00 00 03 00 04 16 00 06 00 00 07 D7 D4 FE 07 D9 52 56 00 07 00 00 00 00 00 00 00 00 00 00 
00 00 03 00 04 16 00 06 00 00 07 DA BD 10 07 DC 34 15 00 07 00 00 00 00 00 00 00 00 00 00 
00 00 03 00 04 16 00 06 00 00 07 DD A3 14 07 DF 16 B0 00 07 00 00 00 00 00 00 00 00 00 00 
00 00 03 00 04 16 00 06 00 00 07 E0 A0 4A 07 E2 1C 5C 00 07 00 00 00 00 00 00 00 00 00 00 
00 00 03 00 04 16 00 06 00 00 07 E3 9D 47 07 E5 0B 95 00 07 00 00 00 00 00 00 00 00 00 00 
00 00 03 00 04 16 00 06 00 00 07 E6 89 74 07 E7 F0 05 00 08 00 00 00 00 00 00 00 00 00 00 
00 00 03 00 04 16 00 06 00 00 07 E9 6B A5 07 EA EF D3 00 08 00 00 00 00 00 00 00 00 00 00 
00 00 03 00 04 16 00 06 00 00 07 EC 5B AA 07 ED C5 30 00 07 00 00 00 00 00 00 00 00 00 00 
00 00 03 00 04 16 00 06 00 00 07 EF 4C 59 07 F0 BA 78 00 08 00 00 00 00 00 00 00 00 00 00 
00 00 03 00 04 16 00 06 00 00 07 F2 2A 0E 07 F3 96 C8 00 08 00 00 00 00 00 00 00 00 00 00 
00 00 03 00 04 16 00 06 00 00 07 F5 1E 81 07 F6 88 AF 00 07 00 00 00 00 00 00 00 00 00 00 
00 00 03 00 04 16 00 06 00 00 07 F8 0E 63 07 F9 91 A2 00 08 00 00 00 00 00 00 00 00 00 00 
00 00 03 00 04 16 00 06 00 00 07 FA FA 7C 07 FC 6B 28 00 08 00 00 00 00 00 00 00 00 00 00 
00 00 03 00 04 16 00 06 00 00 07 FD D1 D0 07 FF 3D E3 00 08 00 00 00 00 00 00 00 00 00 00 
00 00 03 00 04 16 00 06 00 00 08 00 BD 8C 08 02 26 27 00 08 00 00 00 00 00 00 00 00 00 00 
00 00 03 00 04 16 00 06 00 00 08 03 90 47 08 05 16 9B 00 08 00 00 00 00 00 00 00 00 00 00 
00 00 03 00 04 16 00 06 00 00 08 06 90 68 08 08 17 6E 00 08 00 00 00 00 00 00 00 00 00 00 
00 00 03 00 04 16 00 06 00 00 08 09 84 FE 08 0A EB 3F 00 07 00 00 00 00 00 00 00 00 00 00 
00 00 03 00 04 16 00 06 00 00 08 0C 74 24 08 0D DC F6 00 08 00 00 00 00 00 00 00 00 00 00 
00 00 03 00 04 16 00 06 00 00 08 0F 55 D3 08 10 C1 97 00 07 00 00 00 00 00 00 00 00 00 00 
00 00 03 00 04 16 00 06 00 00 08 12 2E 2F 08 13 AD 72 00 08 00 00 00 00 00 00 00 00 00 00 
00 00 03 00 04 16 00 06 00 00 08 15 14 D7 08 16 93 2E 00 08 00 00 00 00 00 00 00 00 00 00 
00 00 04 00 03 16 00 06 00 44 00 00 00 00 00 00 00 00 00 00 00 00 00 00 00 00 00 00 00 00 
00 00 03 00 04 16 00 06 00 00 08 18 18 53 08 19 9D 10 00 08 00 00 00 00 00 00 00 00 00 00 
00 00 03 00 04 16 00 06 00 00 08 1B 22 48 08 1C 9D B1 00 08 00 00 00 00 00 00 00 00 00 00 
00 00 03 00 04 16 00 06 00 00 08 1E 25 41 08 1F 91 47 00 08 00 00 00 00 00 00 00 00 00 00 
00 00 04 00 03 16 00 06 00 47 00 00 00 00 00 00 00 00 00 00 00 00 00 00 00 00 00 00 00 00 
00 00 03 00 04 16 00 06 00 00 08 21 02 9B 08 22 86 C2 00 08 00 00 00 00 00 00 00 00 00 00 
00 00 03 00 04 16 00 06 00 00 08 23 F1 21 08 25 58 10 00 08 00 00 00 00 00 00 00 00 00 00 
00 00 03 00 04 16 00 06 00 00 08 26 C1 B9 08 28 44 4D 00 07 00 00 00 00 00 00 00 00 00 00 
00 00 03 00 04 16 00 06 00 00 08 29 C0 7D 08 2B 32 32 00 07 00 00 00 00 00 00 00 00 00 00 
00 00 03 00 04 16 00 06 00 00 08 2C 9B A9 08 2E 0F 80 00 07 00 00 00 00 00 00 00 00 00 00 
00 00 03 00 04 16 00 06 00 00 08 2F 94 DA 08 30 FB AE 00 08 00 00 00 00 00 00 00 00 00 00 
00 00 03 00 04 16 00 06 00 00 08 32 7B FA 08 34 03 65 00 08 00 00 00 00 00 00 00 00 00 00 
00 00 03 00 04 16 00 06 00 00 08 35 6D EC 08 36 E0 C3 00 08 00 00 00 00 00 00 00 00 00 00 
00 00 03 00 04 16 00 06 00 00 08 38 55 23 08 39 C8 B6 00 08 00 00 00 00 00 00 00 00 00 00 
00 00 03 00 04 16 00 06 00 00 08 3B 42 9E 08 3C C6 BB 00 07 00 00 00 00 00 00 00 00 00 00 
00 00 03 00 04 16 00 06 00 00 08 3E 35 CF 08 3F B7 47 00 08 00 00 00 00 00 00 00 00 00 00 
00 00 03 00 04 16 00 06 00 00 08 41 24 E0 08 42 98 FA 00 08 00 00 00 00 00 00 00 00 00 00 
00 00 03 00 04 16 00 06 00 00 08 44 06 AD 08 45 8A D1 00 07 00 00 00 00 00 00 00 00 00 00 
00 00 03 00 04 16 00 06 00 00 08 47 01 85 08 48 7B 8D 00 07 00 00 00 00 00 00 00 00 00 00 
00 00 03 00 04 16 00 06 00 00 08 49 FA 03 08 4B 6D 3E 00 07 00 00 00 00 00 00 00 00 00 00 
00 00 03 00 04 16 00 06 00 00 08 4C E2 38 08 4E 62 8E 00 08 00 00 00 00 00 00 00 00 00 00 
00 00 03 00 04 16 00 06 00 00 08 4F E6 34 08 51 4B E6 00 08 00 00 00 00 00 00 00 00 00 00 
00 00 03 00 04 16 00 06 00 00 08 52 B8 8C 08 54 2F D4 00 08 00 00 00 00 00 00 00 00 00 00 
00 00 03 00 04 16 00 06 00 00 08 55 AA 08 08 57 2B 98 00 08 00 00 00 00 00 00 00 00 00 00 
00 00 03 00 04 16 00 06 00 00 08 58 9D 4F 08 5A 1E 0E 00 08 00 00 00 00 00 00 00 00 00 00 
00 00 03 00 04 16 00 06 00 00 08 5B A0 BE 08 5D 10 B6 00 07 00 00 00 00 00 00 00 00 00 00 
00 00 03 00 04 16 00 06 00 00 08 5E 8E F0 08 60 0A 3E 00 07 00 00 00 00 00 00 00 00 00 00 
00 00 03 00 04 16 00 06 00 00 08 61 81 6C 08 63 0C 6F 00 08 00 00 00 00 00 00 00 00 00 00 
00 00 03 00 04 16 00 06 00 00 08 64 80 5F 08 66 02 DF 00 07 00 00 00 00 00 00 00 00 00 00 
00 00 03 00 04 16 00 06 00 00 08 67 79 92 08 68 E6 46 00 07 00 00 00 00 00 00 00 00 00 00 
00 00 03 00 04 16 00 06 00 00 08 6A 57 BC 08 6B CF DB 00 07 00 00 00 00 00 00 00 00 00 00 
00 00 03 00 04 16 00 06 00 00 08 6D 44 1B 08 6E C5 AF 00 07 00 00 00 00 00 00 00 00 00 00 
00 00 03 00 04 16 00 06 00 00 08 70 34 DA 08 71 AA 0E 00 08 00 00 00 00 00 00 00 00 00 00 
00 00 03 00 04 16 00 06 00 00 08 73 28 D6 08 74 AB 78 00 07 00 00 00 00 00 00 00 00 00 00 
00 00 01 00 03 16 00 06 00 35 00 A9 9D 2A 07 ED C5 30 00 07 00 00 00 00 00 00 00 00 00 00 
00 00 01 00 03 16 00 06 00 36 00 AC 92 72 07 F0 BA 78 00 08 00 00 00 00 00 00 00 00 00 00 
00 00 01 00 03 16 00 06 00 37 00 AF 6E C3 07 F3 96 C8 00 08 00 00 00 00 00 00 00 00 00 00 
00 00 01 00 03 16 00 06 00 38 00 B2 60 AB 07 F6 88 AF 00 07 00 00 00 00 00 00 00 00 00 00 
00 00 01 00 03 16 00 06 00 43 00 D2 6B 2F 08 16 93 2E 00 08 00 00 00 00 00 00 00 00 00 00 
00 00 01 00 03 16 00 06 00 44 00 D5 75 13 08 19 9D 10 00 08 00 00 00 00 00 00 00 00 00 00 
00 00 01 00 03 16 00 06 00 45 00 D8 75 B4 08 1C 9D B1 00 08 00 00 00 00 00 00 00 00 00 00 
00 00 01 00 03 16 00 06 00 46 00 DB 69 4A 08 1F 91 47 00 08 00 00 00 00 00 00 00 00 00 00 
00 00 01 00 03 16 00 06 00 47 00 DE 5E C7 08 22 86 C2 00 08 00 00 00 00 00 00 00 00 00 00 
00 00 01 00 03 16 00 06 00 48 00 E1 30 15 08 25 58 10 00 08 00 00 00 00 00 00 00 00 00 00 
00 00 01 00 03 16 00 06 00 49 00 E4 1C 52 08 28 44 4D 00 07 00 00 00 00 00 00 00 00 00 00 
00 00 01 00 03 16 00 06 00 4A 00 E7 0A 37 08 2B 32 32 00 07 00 00 00 00 00 00 00 00 00 00 
00 00 01 00 03 16 00 06 00 4B 00 E9 E7 87 08 2E 0F 80 00 07 00 00 00 00 00 00 00 00 00 00 
00 00 01 00 03 16 00 06 00 4C 00 EC D3 B5 08 30 FB AE 00 08 00 00 00 00 00 00 00 00 00 00 
00 00 01 00 03 16 00 06 00 4D 00 EF DB 6C 08 34 03 65 00 08 00 00 00 00 00 00 00 00 00 00 
00 00 01 00 03 16 00 06 00 4E 00 F2 B8 CC 08 36 E0 C3 00 08 00 00 00 00 00 00 00 00 00 00 
00 00 01 00 03 16 00 06 00 4F 00 F5 A0 BF 08 39 C8 B6 00 08 00 00 00 00 00 00 00 00 00 00 
00 00 01 00 03 16 00 06 00 50 00 F8 9E C5 08 3C C6 BB 00 07 00 00 00 00 00 00 00 00 00 00 
00 00 01 00 03 16 00 06 00 51 00 FB 8F 51 08 3F B7 47 00 08 00 00 00 00 00 00 00 00 00 00 
00 00 01 00 03 16 00 06 00 52 00 FE 71 05 08 42 98 FA 00 08 00 00 00 00 00 00 00 00 00 00 
00 00 01 00 03 16 00 06 00 53 01 01 62 DC 08 45 8A D1 00 07 00 00 00 00 00 00 00 00 00 00 
00 00 01 00 03 16 00 06 00 54 01 04 53 99 08 48 7B 8D 00 07 00 00 00 00 00 00 00 00 00 00 
00 00 01 00 03 16 00 06 00 55 01 07 45 4B 08 4B 6D 3E 00 07 00 00 00 00 00 00 00 00 00 00 
00 00 01 00 03 16 00 06 00 56 01 0A 3A 9B 08 4E 62 8E 00 08 00 00 00 00 00 00 00 00 00 00 
00 00 01 00 03 16 00 06 00 57 01 0D 23 F5 08 51 4B E6 00 08 00 00 00 00 00 00 00 00 00 00 
00 00 01 00 03 16 00 06 00 58 01 10 07 E2 08 54 2F D4 00 08 00 00 00 00 00 00 00 00 00 00 
00 00 01 00 03 16 00 06 00 59 01 13 03 A7 08 57 2B 98 00 08 00 00 00 00 00 00 00 00 00 00 
00 00 01 00 03 16 00 06 00 5A 01 15 F6 1E 08 5A 1E 0E 00 08 00 00 00 00 00 00 00 00 00 00 
00 00 01 00 03 16 00 06 00 5B 01 18 E8 C6 08 5D 10 B6 00 07 00 00 00 00 00 00 00 00 00 00 
00 00 01 00 03 16 00 06 00 5C 01 1B E2 4F 08 60 0A 3E 00 07 00 00 00 00 00 00 00 00 00 00 
00 00 01 00 03 16 00 06 00 5D 01 1E E4 81 08 63 0C 6F 00 08 00 00 00 00 00 00 00 00 00 00 
00 00 01 00 03 16 00 06 00 5E 01 21 DA F1 08 66 02 DF 00 07 00 00 00 00 00 00 00 00 00 00 
00 00 01 00 03 16 00 06 00 5F 01 24 BE 58 08 68 E6 46 00 07 00 00 00 00 00 00 00 00 00 00 
00 00 01 00 03 16 00 06 00 60 01 27 A7 EF 08 6B CF DB 00 07 00 00 00 00 00 00 00 00 00 00 
00 00 01 00 03 16 00 06 00 61 01 2A 9D C3 08 6E C5 AF 00 07 00 00 00 00 00 00 00 00 00 00 
00 00 01 00 03 16 00 06 00 63 01 30 83 8E 08 74 AB 78 00 07 00 00 00 00 00 00 00 00 00 00 
00 00 01 00 03 16 00 06 00 64 07 54 56 18 00 10 2D F0 00 07 00 00 00 00 00 00 00 00 00 00 
00 00 01 00 03 16 00 06 00 65 07 57 2B 44 00 13 03 1D 00 06 00 00 00 00 00 00 00 00 00 00 
00 00 01 00 03 16 00 06 00 66 07 5A 0F D2 00 15 E7 AB 00 05 00 00 00 00 00 00 00 00 00 00 
00 00 01 00 03 16 00 06 00 67 07 5C F6 78 00 18 CE 52 00 07 00 00 00 00 00 00 00 00 00 00 
00 00 01 00 03 16 00 06 00 68 07 5F EA BD 00 1B C2 97 00 04 00 00 00 00 00 00 00 00 00 00 
00 00 01 00 03 16 00 06 00 69 07 62 C5 46 00 1E 9D 21 00 06 00 00 00 00 00 00 00 00 00 00 
00 00 01 00 03 16 00 06 00 8D 07 CB F4 9D 00 87 CC 8D 00 06 00 00 00 00 00 00 00 00 00 00 
00 00 01 00 03 16 00 06 00 BA 08 4F E6 34 01 0B BE 40 00 07 00 00 00 00 00 00 00 00 00 00 
00 00 01 00 03 16 00 06 00 BB 08 52 B8 8C 01 0E 90 99 00 07 00 00 00 00 00 00 00 00 00 00 
00 00 01 00 03 16 00 06 00 BC 08 55 AA 08 01 11 82 15 00 07 00 00 00 00 00 00 00 00 00 00 
00 00 01 00 03 16 00 06 00 BD 08 58 9D 4F 01 14 75 5D 00 06 00 00 00 00 00 00 00 00 00 00 
00 00 01 00 03 16 00 06 00 C0 08 61 81 6C 01 1D 59 7C 00 06 00 00 00 00 00 00 00 00 00 00 
00 00 01 00 03 16 00 06 00 C1 08 64 80 5F 01 20 58 6F 00 06 00 00 00 00 00 00 00 00 00 00 
00 00 04 00 03 16 00 06 00 00 00 00 00 00 00 00 00 00 00 00 00 00 00 00 00 00 00 00 00 00 
00 00 03 00 04 16 00 06 00 00 08 76 2B 54 0D 15 56 CD 00 07 00 00 00 00 00 00 00 00 00 00 
00 00 04 00 03 16 00 06 00 01 00 00 00 00 00 00 00 00 00 00 00 00 00 00 00 00 00 00 00 00 
00 00 03 00 04 16 00 06 00 00 0D 16 DB C9 0D 18 4A 11 00 04 00 00 00 00 00 00 00 00 00 00 
00 00 04 00 03 16 00 06 00 02 00 00 00 00 00 00 00 00 00 00 00 00 00 00 00 00 00 00 00 00 
00 00 03 00 04 16 00 06 00 00 0D 19 BA DB 0D 1B 37 D5 00 07 00 00 00 00 00 00 00 00 00 00 
00 00 04 00 03 16 00 06 00 03 00 00 00 00 00 00 00 00 00 00 00 00 00 00 00 00 00 00 00 00 
00 00 03 00 04 16 00 06 00 00 0D 1C A5 82 0D 1E 0C 9D 00 05 00 00 00 00 00 00 00 00 00 00 
00 00 04 00 03 16 00 06 00 04 00 00 00 00 00 00 00 00 00 00 00 00 00 00 00 00 00 00 00 00 
00 00 03 00 04 16 00 06 00 00 0D 1F 7D 81 0D 20 F0 90 00 06 00 00 00 00 00 00 00 00 00 00 
00 00 04 00 03 16 00 06 00 05 00 00 00 00 00 00 00 00 00 00 00 00 00 00 00 00 00 00 00 00 
00 00 03 00 04 16 00 06 00 00 0D 22 68 7D 0D 23 D4 D0 00 05 00 00 00 00 00 00 00 00 00 00 
00 00 04 00 03 16 00 06 00 06 00 00 00 00 00 00 00 00 00 00 00 00 00 00 00 00 00 00 00 00 
00 00 03 00 04 16 00 06 00 00 0D 25 4C 1C 0D 26 D6 A8 00 05 00 00 00 00 00 00 00 00 00 00 
00 00 04 00 03 16 00 06 00 07 00 00 00 00 00 00 00 00 00 00 00 00 00 00 00 00 00 00 00 00 
00 00 03 00 04 16 00 06 00 00 0D 28 54 79 0D 29 D3 B1 00 04 00 00 00 00 00 00 00 00 00 00 
00 00 04 00 03 16 00 06 00 08 00 00 00 00 00 00 00 00 00 00 00 00 00 00 00 00 00 00 00 00 
00 00 03 00 04 16 00 06 00 00 0D 2B 3C F3 0D 2C A6 34 00 05 00 00 00 00 00 00 00 00 00 00 
00 00 04 00 03 16 00 06 00 09 00 00 00 00 00 00 00 00 00 00 00 00 00 00 00 00 00 00 00 00 
00 00 03 00 04 16 00 06 00 00 0D 2E 29 4D 0D 2F 99 62 00 06 00 00 00 00 00 00 00 00 00 00 
00 00 04 00 03 16 00 06 00 0A 00 00 00 00 00 00 00 00 00 00 00 00 00 00 00 00 00 00 00 00 
00 00 03 00 04 16 00 06 00 00 0D 31 1D 4E 0D 32 94 13 00 07 00 00 00 00 00 00 00 00 00 00 
00 00 04 00 03 16 00 06 00 0B 00 00 00 00 00 00 00 00 00 00 00 00 00 00 00 00 00 00 00 00 
00 00 03 00 04 16 00 06 00 00 0D 33 FA 90 0D 35 7C B2 00 07 00 00 00 00 00 00 00 00 00 00 
00 00 04 00 03 16 00 06 00 0C 00 00 00 00 00 00 00 00 00 00 00 00 00 00 00 00 00 00 00 00 
00 00 03 00 04 16 00 06 00 00 0D 36 E9 8B 0D 38 69 C0 00 07 00 00 00 00 00 00 00 00 00 00 
00 00 04 00 03 16 00 06 00 0D 00 00 00 00 00 00 00 00 00 00 00 00 00 00 00 00 00 00 00 00 
00 00 03 00 04 16 00 06 00 00 0D 39 F0 39 0D 3B 5A 89 00 07 00 00 00 00 00 00 00 00 00 00 
00 00 04 00 03 16 00 06 00 0E 00 00 00 00 00 00 00 00 00 00 00 00 00 00 00 00 00 00 00 00 
00 00 03 00 04 16 00 06 00 00 0D 3C C4 56 0D 3E 30 7D 00 08 00 00 00 00 00 00 00 00 00 00 
00 00 04 00 03 16 00 06 00 0F 00 00 00 00 00 00 00 00 00 00 00 00 00 00 00 00 00 00 00 00 
00 00 03 00 04 16 00 06 00 00 0D 3F 9A 57 0D 41 0B CB 00 08 00 00 00 00 00 00 00 00 00 00 
00 00 04 00 03 16 00 06 00 10 00 00 00 00 00 00 00 00 00 00 00 00 00 00 00 00 00 00 00 00 
00 00 03 00 04 16 00 06 00 00 0D 42 7A 6D 0D 43 E6 27 00 08 00 00 00 00 00 00 00 00 00 00 
00 00 04 00 03 16 00 06 00 11 00 00 00 00 00 00 00 00 00 00 00 00 00 00 00 00 00 00 00 00 
00 00 03 00 04 16 00 06 00 00 0D 45 5D 79 0D 46 D3 51 00 08 00 00 00 00 00 00 00 00 00 00 
00 00 04 00 03 16 00 06 00 12 00 00 00 00 00 00 00 00 00 00 00 00 00 00 00 00 00 00 00 00 
00 00 03 00 04 16 00 06 00 00 0D 48 3F FE 0D 49 AB DE 00 08 00 00 00 00 00 00 00 00 00 00 
00 00 04 00 03 16 00 06 00 13 00 00 00 00 00 00 00 00 00 00 00 00 00 00 00 00 00 00 00 00 
00 00 03 00 04 16 00 06 00 00 0D 4B 24 C8 0D 4C 98 61 00 08 00 00 00 00 00 00 00 00 00 00 
00 00 04 00 03 16 00 06 00 14 00 00 00 00 00 00 00 00 00 00 00 00 00 00 00 00 00 00 00 00 
00 00 03 00 04 16 00 06 00 00 0D 4E 14 E7 0D 4F 7C 11 00 08 00 00 00 00 00 00 00 00 00 00 
00 00 04 00 03 16 00 06 00 15 00 00 00 00 00 00 00 00 00 00 00 00 00 00 00 00 00 00 00 00 
00 00 03 00 04 16 00 06 00 00 0D 50 F2 B1 0D 52 5F 87 00 08 00 00 00 00 00 00 00 00 00 00 
00 00 04 00 03 16 00 06 00 16 00 00 00 00 00 00 00 00 00 00 00 00 00 00 00 00 00 00 00 00 
00 00 03 00 04 16 00 06 00 00 0D 53 CA 01 0D 55 4E 9E 00 08 00 00 00 00 00 00 00 00 00 00 
00 00 04 00 03 16 00 06 00 17 00 00 00 00 00 00 00 00 00 00 00 00 00 00 00 00 00 00 00 00 
00 00 03 00 04 16 00 06 00 00 0D 56 CF F0 0D 58 48 0A 00 08 00 00 00 00 00 00 00 00 00 00 
00 00 04 00 03 16 00 06 00 18 00 00 00 00 00 00 00 00 00 00 00 00 00 00 00 00 00 00 00 00 
00 00 03 00 04 16 00 06 00 00 0D 59 B6 27 0D 5B 25 0A 00 08 00 00 00 00 00 00 00 00 00 00 
00 00 04 00 03 16 00 06 00 19 00 00 00 00 00 00 00 00 00 00 00 00 00 00 00 00 00 00 00 00 
00 00 03 00 04 16 00 06 00 00 0D 5C A8 25 0D 5E 23 F4 00 08 00 00 00 00 00 00 00 00 00 00 
00 00 04 00 03 16 00 06 00 1A 00 00 00 00 00 00 00 00 00 00 00 00 00 00 00 00 00 00 00 00 
00 00 03 00 04 16 00 06 00 00 0D 5F AC 3B 0D 61 1F AC 00 08 00 00 00 00 00 00 00 00 00 00 
00 00 04 00 03 16 00 06 00 1B 00 00 00 00 00 00 00 00 00 00 00 00 00 00 00 00 00 00 00 00 
00 00 03 00 04 16 00 06 00 00 0D 62 86 A3 0D 63 F3 B6 00 08 00 00 00 00 00 00 00 00 00 00 
00 00 04 00 03 16 00 06 00 1C 00 00 00 00 00 00 00 00 00 00 00 00 00 00 00 00 00 00 00 00 
00 00 03 00 04 16 00 06 00 00 0D 65 71 9A 0D 66 E3 B0 00 08 00 00 00 00 00 00 00 00 00 00 
00 00 04 00 03 16 00 06 00 1D 00 00 00 00 00 00 00 00 00 00 00 00 00 00 00 00 00 00 00 00 
00 00 03 00 04 16 00 06 00 00 0D 68 4C A1 0D 69 BA B3 00 08 00 00 00 00 00 00 00 00 00 00 
00 00 04 00 03 16 00 06 00 1E 00 00 00 00 00 00 00 00 00 00 00 00 00 00 00 00 00 00 00 00 
00 00 03 00 04 16 00 06 00 00 0D 6B 24 56 0D 6C 93 AB 00 08 00 00 00 00 00 00 00 00 00 00 
00 00 04 00 03 16 00 06 00 1F 00 00 00 00 00 00 00 00 00 00 00 00 00 00 00 00 00 00 00 00 
00 00 03 00 04 16 00 06 00 00 0D 6E 18 77 0D 6F 82 37 00 08 00 00 00 00 00 00 00 00 00 00 
00 00 04 00 03 16 00 06 00 20 00 00 00 00 00 00 00 00 00 00 00 00 00 00 00 00 00 00 00 00 
00 00 03 00 04 16 00 06 00 00 0D 71 08 76 0D 72 8E DB 00 08 00 00 00 00 00 00 00 00 00 00 
00 00 04 00 03 16 00 06 00 21 00 00 00 00 00 00 00 00 00 00 00 00 00 00 00 00 00 00 00 00 
00 00 03 00 04 16 00 06 00 00 0D 73 F7 7E 0D 75 75 7C 00 08 00 00 00 00 00 00 00 00 00 00 
00 00 04 00 03 16 00 06 00 22 00 00 00 00 00 00 00 00 00 00 00 00 00 00 00 00 00 00 00 00 
00 00 03 00 04 16 00 06 00 00 0D 76 EB F3 0D 78 74 A3 00 08 00 00 00 00 00 00 00 00 00 00 
00 00 04 00 03 16 00 06 00 23 00 00 00 00 00 00 00 00 00 00 00 00 00 00 00 00 00 00 00 00 
00 00 03 00 04 16 00 06 00 00 0D 79 EC 45 0D 7B 59 11 00 08 00 00 00 00 00 00 00 00 00 00 
00 00 04 00 03 16 00 06 00 24 00 00 00 00 00 00 00 00 00 00 00 00 00 00 00 00 00 00 00 00 
00 00 03 00 04 16 00 06 00 00 0D 7C C9 02 0D 7E 3A 8F 00 08 00 00 00 00 00 00 00 00 00 00 
00 00 04 00 03 16 00 06 00 25 00 00 00 00 00 00 00 00 00 00 00 00 00 00 00 00 00 00 00 00 
00 00 03 00 04 16 00 06 00 00 0D 7F B5 2F 0D 81 2A 7C 00 08 00 00 00 00 00 00 00 00 00 00 
00 00 04 00 03 16 00 06 00 26 00 00 00 00 00 00 00 00 00 00 00 00 00 00 00 00 00 00 00 00 
00 00 03 00 04 16 00 06 00 00 0D 82 93 DC 0D 84 11 C5 00 08 00 00 00 00 00 00 00 00 00 00 
00 00 04 00 03 16 00 06 00 27 00 00 00 00 00 00 00 00 00 00 00 00 00 00 00 00 00 00 00 00 
00 00 03 00 04 16 00 06 00 00 0D 85 92 9C 0D 87 14 A5 00 08 00 00 00 00 00 00 00 00 00 00 
00 00 04 00 03 16 00 06 00 28 00 00 00 00 00 00 00 00 00 00 00 00 00 00 00 00 00 00 00 00 
00 00 03 00 04 16 00 06 00 00 0D 88 95 3E 0D 8A 16 93 00 08 00 00 00 00 00 00 00 00 00 00 
00 00 04 00 03 16 00 06 00 29 00 00 00 00 00 00 00 00 00 00 00 00 00 00 00 00 00 00 00 00 
00 00 03 00 04 16 00 06 00 00 0D 8B 9B D2 0D 8D 0E 20 00 08 00 00 00 00 00 00 00 00 00 00 
00 00 04 00 03 16 00 06 00 2A 00 00 00 00 00 00 00 00 00 00 00 00 00 00 00 00 00 00 00 00 
00 00 03 00 04 16 00 06 00 00 0D 8E 93 38 0D 90 1C 9C 00 08 00 00 00 00 00 00 00 00 00 00 
00 00 04 00 03 16 00 06 00 2B 00 00 00 00 00 00 00 00 00 00 00 00 00 00 00 00 00 00 00 00 
00 00 03 00 04 16 00 06 00 00 0D 91 8D 1D 0D 93 12 09 00 08 00 00 00 00 00 00 00 00 00 00 
00 00 04 00 03 16 00 06 00 2C 00 00 00 00 00 00 00 00 00 00 00 00 00 00 00 00 00 00 00 00 
00 00 03 00 04 16 00 06 00 00 0D 94 7B 75 0D 95 E7 3B 00 08 00 00 00 00 00 00 00 00 00 00 
00 00 04 00 03 16 00 06 00 2D 00 00 00 00 00 00 00 00 00 00 00 00 00 00 00 00 00 00 00 00 
00 00 03 00 04 16 00 06 00 00 0D 97 51 38 0D 98 B8 22 00 08 00 00 00 00 00 00 00 00 00 00 
00 00 04 00 03 16 00 06 00 2E 00 00 00 00 00 00 00 00 00 00 00 00 00 00 00 00 00 00 00 00 
00 00 03 00 04 16 00 06 00 00 0D 9A 21 50 0D 9B 9D 04 00 08 00 00 00 00 00 00 00 00 00 00 
00 00 04 00 03 16 00 06 00 2F 00 00 00 00 00 00 00 00 00 00 00 00 00 00 00 00 00 00 00 00 
00 00 03 00 04 16 00 06 00 00 0D 9D 13 21 0D 9E 89 51 00 08 00 00 00 00 00 00 00 00 00 00 
00 00 04 00 03 16 00 06 00 30 00 00 00 00 00 00 00 00 00 00 00 00 00 00 00 00 00 00 00 00 
00 00 03 00 04 16 00 06 00 00 0D 9F FB FD 0D A1 6F 27 00 08 00 00 00 00 00 00 00 00 00 00 
00 00 04 00 03 16 00 06 00 31 00 00 00 00 00 00 00 00 00 00 00 00 00 00 00 00 00 00 00 00 
00 00 04 00 03 16 00 06 00 32 00 00 00 00 00 00 00 00 00 00 00 00 00 00 00 00 00 00 00 00 
00 00 03 00 04 16 00 06 00 00 0D A5 D6 90 0D A7 44 B0 00 08 00 00 00 00 00 00 00 00 00 00 
00 00 04 00 03 16 00 06 00 33 00 00 00 00 00 00 00 00 00 00 00 00 00 00 00 00 00 00 00 00 
00 00 03 00 04 16 00 06 00 00 0D A8 C0 11 0D AA 25 9C 00 08 00 00 00 00 00 00 00 00 00 00 
00 00 04 00 03 16 00 06 00 34 00 00 00 00 00 00 00 00 00 00 00 00 00 00 00 00 00 00 00 00 
00 00 03 00 04 16 00 06 00 00 0D AB 9D 5D 0D AD 21 E5 00 08 00 00 00 00 00 00 00 00 00 00 
00 00 04 00 03 16 00 06 00 35 00 00 00 00 00 00 00 00 00 00 00 00 00 00 00 00 00 00 00 00 
00 00 03 00 04 16 00 06 00 00 0D AE A9 48 0D B0 13 65 00 08 00 00 00 00 00 00 00 00 00 00 
00 00 04 00 03 16 00 06 00 36 00 00 00 00 00 00 00 00 00 00 00 00 00 00 00 00 00 00 00 00 
00 00 03 00 04 16 00 06 00 00 0D B1 85 3E 0D B2 F3 93 00 08 00 00 00 00 00 00 00 00 00 00 
00 00 03 00 04 16 00 06 00 00 0D B4 6F 42 0D B5 DA 72 00 08 00 00 00 00 00 00 00 00 00 00 
00 00 04 00 03 16 00 06 00 38 00 00 00 00 00 00 00 00 00 00 00 00 00 00 00 00 00 00 00 00 
00 00 03 00 04 16 00 06 00 00 0D B7 48 43 0D B8 B0 37 00 08 00 00 00 00 00 00 00 00 00 00 
00 00 04 00 03 16 00 06 00 39 00 00 00 00 00 00 00 00 00 00 00 00 00 00 00 00 00 00 00 00 
00 00 03 00 04 16 00 06 00 00 0D BA 1F 4A 0D BB A0 8E 00 08 00 00 00 00 00 00 00 00 00 00 
00 00 04 00 03 16 00 06 00 3A 00 00 00 00 00 00 00 00 00 00 00 00 00 00 00 00 00 00 00 00 
00 00 03 00 04 16 00 06 00 00 0D BD 1F 7F 0D BE 92 B0 00 07 00 00 00 00 00 00 00 00 00 00 
00 00 04 00 03 16 00 06 00 3B 00 00 00 00 00 00 00 00 00 00 00 00 00 00 00 00 00 00 00 00 
00 00 03 00 04 16 00 06 00 00 0D C0 1C 0F 0D C1 88 93 00 07 00 00 00 00 00 00 00 00 00 00 
00 00 04 00 03 16 00 06 00 3C 00 00 00 00 00 00 00 00 00 00 00 00 00 00 00 00 00 00 00 00 
00 00 03 00 04 16 00 06 00 00 0D C3 07 20 0D C4 70 D8 00 07 00 00 00 00 00 00 00 00 00 00 
00 00 04 00 03 16 00 06 00 3D 00 00 00 00 00 00 00 00 00 00 00 00 00 00 00 00 00 00 00 00 
00 00 03 00 04 16 00 06 00 00 0D C5 E6 89 0D C7 6F 5D 00 06 00 00 00 00 00 00 00 00 00 00 
00 00 04 00 03 16 00 06 00 3E 00 00 00 00 00 00 00 00 00 00 00 00 00 00 00 00 00 00 00 00 
00 00 03 00 04 16 00 06 00 00 0D C8 F2 C4 0D CA 7A BD 00 05 00 00 00 00 00 00 00 00 00 00 
00 00 04 00 03 16 00 06 00 3F 00 00 00 00 00 00 00 00 00 00 00 00 00 00 00 00 00 00 00 00 
00 00 03 00 04 16 00 06 00 00 0D CB E9 54 0D CD 4E 8F 00 04 00 00 00 00 00 00 00 00 00 00 
00 00 04 00 03 16 00 06 00 40 00 00 00 00 00 00 00 00 00 00 00 00 00 00 00 00 00 00 00 00 
00 00 03 00 04 16 00 06 00 00 0D CE CE 6A 0D D0 35 BA 00 05 00 00 00 00 00 00 00 00 00 00 
00 00 04 00 03 16 00 06 00 41 00 00 00 00 00 00 00 00 00 00 00 00 00 00 00 00 00 00 00 00 
00 00 03 00 04 16 00 06 00 00 0D D1 BA 09 0D D3 24 E6 00 04 00 00 00 00 00 00 00 00 00 00 
00 00 04 00 03 16 00 06 00 42 00 00 00 00 00 00 00 00 00 00 00 00 00 00 00 00 00 00 00 00 
00 00 03 00 04 16 00 06 00 00 0D D4 90 1B 0D D6 0D 3E 00 00 00 00 00 00 00 00 00 00 00 00 
00 00 04 00 03 16 00 06 00 43 00 00 00 00 00 00 00 00 00 00 00 00 00 00 00 00 00 00 00 00 
00 00 03 00 04 16 00 06 00 00 0D D7 7E 8D 0D D8 FD 86 00 01 00 00 00 00 00 00 00 00 00 00 
00 00 04 00 03 16 00 06 00 44 00 00 00 00 00 00 00 00 00 00 00 00 00 00 00 00 00 00 00 00 
00 00 03 00 04 16 00 06 00 00 0D DA 71 BA 0D DB F5 D4 00 06 00 00 00 00 00 00 00 00 00 00 
00 00 04 00 03 16 00 06 00 45 00 00 00 00 00 00 00 00 00 00 00 00 00 00 00 00 00 00 00 00 
00 00 03 00 04 16 00 06 00 00 0D DD 61 DD 0D DE DA 53 00 06 00 00 00 00 00 00 00 00 00 00 
00 00 04 00 03 16 00 06 00 46 00 00 00 00 00 00 00 00 00 00 00 00 00 00 00 00 00 00 00 00 
00 00 03 00 04 16 00 06 00 00 0D E0 58 B6 0D E1 C3 5D 00 05 00 00 00 00 00 00 00 00 00 00 
00 00 04 00 03 16 00 06 00 47 00 00 00 00 00 00 00 00 00 00 00 00 00 00 00 00 00 00 00 00 
00 00 03 00 04 16 00 06 00 00 0D E3 4B 28 0D E4 D1 77 00 05 00 00 00 00 00 00 00 00 00 00 
00 00 04 00 03 16 00 06 00 48 00 00 00 00 00 00 00 00 00 00 00 00 00 00 00 00 00 00 00 00 
00 00 03 00 04 16 00 06 00 00 0D E6 4E 16 0D E7 B4 59 00 05 00 00 00 00 00 00 00 00 00 00 
00 00 04 00 03 16 00 06 00 49 00 00 00 00 00 00 00 00 00 00 00 00 00 00 00 00 00 00 00 00 
00 00 03 00 04 16 00 06 00 00 0D E9 2B 25 0D EA AE A6 00 05 00 00 00 00 00 00 00 00 00 00 
00 00 04 00 03 16 00 06 00 4A 00 00 00 00 00 00 00 00 00 00 00 00 00 00 00 00 00 00 00 00 
00 00 03 00 04 16 00 06 00 00 0D EC 1B A3 0D ED 8E 79 00 04 00 00 00 00 00 00 00 00 00 00 
00 00 04 00 03 16 00 06 00 4B 00 00 00 00 00 00 00 00 00 00 00 00 00 00 00 00 00 00 00 00 
00 00 03 00 04 16 00 06 00 00 0D EF 03 DA 0D F0 76 55 00 07 00 00 00 00 00 00 00 00 00 00 
00 00 04 00 03 16 00 06 00 4C 00 00 00 00 00 00 00 00 00 00 00 00 00 00 00 00 00 00 00 00 
00 00 03 00 04 16 00 06 00 00 0D F1 EA 36 0D F3 50 F0 00 06 00 00 00 00 00 00 00 00 00 00 
00 00 04 00 03 16 00 06 00 4D 00 00 00 00 00 00 00 00 00 00 00 00 00 00 00 00 00 00 00 00 
00 00 03 00 04 16 00 06 00 00 0D F4 B9 69 0D F6 40 09 00 04 00 00 00 00 00 00 00 00 00 00 
00 00 04 00 03 16 00 06 00 4E 00 00 00 00 00 00 00 00 00 00 00 00 00 00 00 00 00 00 00 00 
00 00 03 00 04 16 00 06 00 00 0D F7 B9 6E 0D F9 2B 78 00 06 00 00 00 00 00 00 00 00 00 00 
00 00 04 00 03 16 00 06 00 4F 00 00 00 00 00 00 00 00 00 00 00 00 00 00 00 00 00 00 00 00 
00 00 03 00 04 16 00 06 00 00 0D FA 9B BD 0D FC 0F E7 00 07 00 00 00 00 00 00 00 00 00 00 
00 00 04 00 03 16 00 06 00 50 00 00 00 00 00 00 00 00 00 00 00 00 00 00 00 00 00 00 00 00 
00 00 03 00 04 16 00 06 00 00 0D FD 95 90 0D FF 18 79 00 06 00 00 00 00 00 00 00 00 00 00 
00 00 04 00 03 16 00 06 00 51 00 00 00 00 00 00 00 00 00 00 00 00 00 00 00 00 00 00 00 00 
00 00 03 00 04 16 00 06 00 00 0E 00 9D 7F 0E 02 21 A3 00 05 00 00 00 00 00 00 00 00 00 00 
00 00 04 00 03 16 00 06 00 52 00 00 00 00 00 00 00 00 00 00 00 00 00 00 00 00 00 00 00 00 
00 00 03 00 04 16 00 06 00 00 0E 03 8F 42 0E 05 03 55 00 04 00 00 00 00 00 00 00 00 00 00 
00 00 04 00 03 16 00 06 00 53 00 00 00 00 00 00 00 00 00 00 00 00 00 00 00 00 00 00 00 00 
00 00 03 00 04 16 00 06 00 00 0E 06 6E 4D 0E 07 F1 A8 00 05 00 00 00 00 00 00 00 00 00 00 
00 00 04 00 03 16 00 06 00 54 00 00 00 00 00 00 00 00 00 00 00 00 00 00 00 00 00 00 00 00 
00 00 03 00 04 16 00 06 00 00 0E 09 68 FB 0E 0A E2 64 00 05 00 00 00 00 00 00 00 00 00 00 
00 00 04 00 03 16 00 06 00 55 00 00 00 00 00 00 00 00 00 00 00 00 00 00 00 00 00 00 00 00 
00 00 03 00 04 16 00 06 00 00 0E 0C 66 E9 0E 0D DB 1F 00 06 00 00 00 00 00 00 00 00 00 00 
00 00 04 00 03 16 00 06 00 56 00 00 00 00 00 00 00 00 00 00 00 00 00 00 00 00 00 00 00 00 
00 00 03 00 04 16 00 06 00 00 0E 0F 62 9D 0E 10 E1 B9 00 07 00 00 00 00 00 00 00 00 00 00 
00 00 04 00 03 16 00 06 00 57 00 00 00 00 00 00 00 00 00 00 00 00 00 00 00 00 00 00 00 00 
00 00 03 00 04 16 00 06 00 00 0E 12 4A A0 0E 13 B2 C0 00 07 00 00 00 00 00 00 00 00 00 00 
00 00 04 00 03 16 00 06 00 58 00 00 00 00 00 00 00 00 00 00 00 00 00 00 00 00 00 00 00 00 
00 00 03 00 04 16 00 06 00 00 0E 15 39 B7 0E 16 AF 49 00 06 00 00 00 00 00 00 00 00 00 00 
00 00 04 00 03 16 00 06 00 59 00 00 00 00 00 00 00 00 00 00 00 00 00 00 00 00 00 00 00 00 
00 00 03 00 04 16 00 06 00 00 0E 18 26 3E 0E 19 A7 89 00 04 00 00 00 00 00 00 00 00 00 00 
00 00 04 00 03 16 00 06 00 5A 00 00 00 00 00 00 00 00 00 00 00 00 00 00 00 00 00 00 00 00 
00 00 03 00 04 16 00 06 00 00 0E 1B 12 42 0E 1C 92 F7 00 03 00 00 00 00 00 00 00 00 00 00 
00 00 04 00 03 16 00 06 00 5B 00 00 00 00 00 00 00 00 00 00 00 00 00 00 00 00 00 00 00 00 
00 00 03 00 04 16 00 06 00 00 0E 1E 1D 13 0E 1F 8C A8 00 04 00 00 00 00 00 00 00 00 00 00 
00 00 04 00 03 16 00 06 00 5C 00 00 00 00 00 00 00 00 00 00 00 00 00 00 00 00 00 00 00 00 
00 00 03 00 04 16 00 06 00 00 0E 21 01 9A 0E 22 7B A4 00 05 00 00 00 00 00 00 00 00 00 00 
00 00 04 00 03 16 00 06 00 5D 00 00 00 00 00 00 00 00 00 00 00 00 00 00 00 00 00 00 00 00 
00 00 03 00 04 16 00 06 00 00 0E 23 FF 2B 0E 25 88 63 00 05 00 00 00 00 00 00 00 00 00 00 
00 00 04 00 03 16 00 06 00 5E 00 00 00 00 00 00 00 00 00 00 00 00 00 00 00 00 00 00 00 00 
00 00 03 00 04 16 00 06 00 00 0E 27 06 43 0E 28 89 5E 00 04 00 00 00 00 00 00 00 00 00 00 
00 00 04 00 03 16 00 06 00 5F 00 00 00 00 00 00 00 00 00 00 00 00 00 00 00 00 00 00 00 00 
00 00 03 00 04 16 00 06 00 00 0E 2A 13 20 0E 2B 7E 59 00 04 00 00 00 00 00 00 00 00 00 00 
00 00 04 00 03 16 00 06 00 60 00 00 00 00 00 00 00 00 00 00 00 00 00 00 00 00 00 00 00 00 
00 00 03 00 04 16 00 06 00 00 0E 2D 04 EA 0E 2E 7D 08 00 04 00 00 00 00 00 00 00 00 00 00 
00 00 04 00 03 16 00 06 00 61 00 00 00 00 00 00 00 00 00 00 00 00 00 00 00 00 00 00 00 00 
00 00 03 00 04 16 00 06 00 00 0E 2F F7 4F 0E 31 79 E4 00 05 00 00 00 00 00 00 00 00 00 00 
00 00 04 00 03 16 00 06 00 62 00 00 00 00 00 00 00 00 00 00 00 00 00 00 00 00 00 00 00 00 
00 00 03 00 04 16 00 06 00 00 0E 32 E9 66 0E 34 61 C9 00 05 00 00 00 00 00 00 00 00 00 00 
00 00 04 00 03 16 00 06 00 63 00 00 00 00 00 00 00 00 00 00 00 00 00 00 00 00 00 00 00 00 
00 00 01 00 03 16 00 06 00 00 00 0E C7 E3 0D 15 56 CD 00 07 00 00 00 00 00 00 00 00 00 00 
00 00 01 00 03 16 00 06 00 01 00 11 BB 27 0D 18 4A 11 00 04 00 00 00 00 00 00 00 00 00 00 
00 00 01 00 03 16 00 06 00 02 00 14 A8 ED 0D 1B 37 D5 00 07 00 00 00 00 00 00 00 00 00 00 
00 00 01 00 03 16 00 06 00 03 00 17 7D B5 0D 1E 0C 9D 00 05 00 00 00 00 00 00 00 00 00 00 
00 00 01 00 03 16 00 06 00 04 00 1A 61 A8 0D 20 F0 90 00 06 00 00 00 00 00 00 00 00 00 00 
00 00 01 00 03 16 00 06 00 05 00 1D 45 E9 0D 23 D4 D0 00 05 00 00 00 00 00 00 00 00 00 00 
00 00 01 00 03 16 00 06 00 06 00 20 47 C1 0D 26 D6 A8 00 05 00 00 00 00 00 00 00 00 00 00 
00 00 01 00 03 16 00 06 00 07 00 23 44 CB 0D 29 D3 B1 00 04 00 00 00 00 00 00 00 00 00 00 
00 00 01 00 03 16 00 06 00 09 00 29 0A 7E 0D 2F 99 62 00 06 00 00 00 00 00 00 00 00 00 00 
00 00 01 00 03 16 00 06 00 0A 00 2C 05 2F 0D 32 94 13 00 07 00 00 00 00 00 00 00 00 00 00 
00 00 01 00 03 16 00 06 00 0B 00 2E ED CF 0D 35 7C B2 00 07 00 00 00 00 00 00 00 00 00 00 
00 00 01 00 03 16 00 06 00 0C 00 31 DA DE 0D 38 69 C0 00 07 00 00 00 00 00 00 00 00 00 00 
00 00 01 00 03 16 00 06 00 0D 00 34 CB A7 0D 3B 5A 89 00 07 00 00 00 00 00 00 00 00 00 00 
00 00 01 00 03 16 00 06 00 0E 00 37 A1 9B 0D 3E 30 7D 00 08 00 00 00 00 00 00 00 00 00 00 
00 00 01 00 03 16 00 06 00 0F 00 3A 7C EB 0D 41 0B CB 00 08 00 00 00 00 00 00 00 00 00 00 
00 00 01 00 03 16 00 06 00 10 00 3D 57 47 0D 43 E6 27 00 08 00 00 00 00 00 00 00 00 00 00 
00 00 01 00 03 16 00 06 00 11 00 40 44 71 0D 46 D3 51 00 08 00 00 00 00 00 00 00 00 00 00 
00 00 01 00 03 16 00 06 00 12 00 43 1D 00 0D 49 AB DE 00 08 00 00 00 00 00 00 00 00 00 00 
00 00 01 00 03 16 00 06 00 13 00 46 09 83 0D 4C 98 61 00 08 00 00 00 00 00 00 00 00 00 00 
00 00 01 00 03 16 00 06 00 14 00 48 ED 33 0D 4F 7C 11 00 08 00 00 00 00 00 00 00 00 00 00 
00 00 01 00 03 16 00 06 00 15 00 4B D0 AA 0D 52 5F 87 00 08 00 00 00 00 00 00 00 00 00 00 
00 00 01 00 03 16 00 06 00 16 00 4E BF C2 0D 55 4E 9E 00 08 00 00 00 00 00 00 00 00 00 00 
00 00 01 00 03 16 00 06 00 17 00 51 B9 2E 0D 58 48 0A 00 08 00 00 00 00 00 00 00 00 00 00 
00 00 01 00 03 16 00 06 00 18 00 54 96 2F 0D 5B 25 0A 00 08 00 00 00 00 00 00 00 00 00 00 
00 00 01 00 03 16 00 06 00 19 00 57 95 1A 0D 5E 23 F4 00 08 00 00 00 00 00 00 00 00 00 00 
00 00 01 00 03 16 00 06 00 1A 00 5A 90 D2 0D 61 1F AC 00 08 00 00 00 00 00 00 00 00 00 00 
00 00 01 00 03 16 00 06 00 1B 00 5D 64 DD 0D 63 F3 B6 00 08 00 00 00 00 00 00 00 00 00 00 
00 00 01 00 03 16 00 06 00 1C 00 60 54 D8 0D 66 E3 B0 00 08 00 00 00 00 00 00 00 00 00 00 
00 00 01 00 03 16 00 06 00 1D 00 63 2B DB 0D 69 BA B3 00 08 00 00 00 00 00 00 00 00 00 00 
00 00 01 00 03 16 00 06 00 1E 00 66 04 D3 0D 6C 93 AB 00 08 00 00 00 00 00 00 00 00 00 00 
00 00 01 00 03 16 00 06 00 1F 00 68 F3 61 0D 6F 82 37 00 08 00 00 00 00 00 00 00 00 00 00 
00 00 01 00 03 16 00 06 00 20 00 6C 00 05 0D 72 8E DB 00 08 00 00 00 00 00 00 00 00 00 00 
00 00 01 00 03 16 00 06 00 21 00 6E E6 A6 0D 75 75 7C 00 08 00 00 00 00 00 00 00 00 00 00 
00 00 01 00 03 16 00 06 00 22 00 71 E5 CF 0D 78 74 A3 00 08 00 00 00 00 00 00 00 00 00 00 
00 00 01 00 03 16 00 06 00 23 00 74 CA 3D 0D 7B 59 11 00 08 00 00 00 00 00 00 00 00 00 00 
00 00 01 00 03 16 00 06 00 24 00 77 AB BB 0D 7E 3A 8F 00 08 00 00 00 00 00 00 00 00 00 00 
00 00 01 00 03 16 00 06 00 25 00 7A 9B A9 0D 81 2A 7C 00 08 00 00 00 00 00 00 00 00 00 00 
00 00 01 00 03 16 00 06 00 26 00 7D 82 F3 0D 84 11 C5 00 08 00 00 00 00 00 00 00 00 00 00 
00 00 01 00 03 16 00 06 00 27 00 80 85 D3 0D 87 14 A5 00 08 00 00 00 00 00 00 00 00 00 00 
00 00 01 00 03 16 00 06 00 28 00 83 87 C2 0D 8A 16 93 00 08 00 00 00 00 00 00 00 00 00 00 
00 00 01 00 03 16 00 06 00 29 00 86 7F 50 0D 8D 0E 20 00 08 00 00 00 00 00 00 00 00 00 00 
00 00 01 00 03 16 00 06 00 2A 00 89 8D CC 0D 90 1C 9C 00 08 00 00 00 00 00 00 00 00 00 00 
00 00 01 00 03 16 00 06 00 2B 00 8C 83 3A 0D 93 12 09 00 08 00 00 00 00 00 00 00 00 00 00 
00 00 01 00 03 16 00 06 00 2C 00 8F 58 6C 0D 95 E7 3B 00 08 00 00 00 00 00 00 00 00 00 00 
00 00 01 00 03 16 00 06 00 2D 00 92 29 54 0D 98 B8 22 00 08 00 00 00 00 00 00 00 00 00 00 
00 00 01 00 03 16 00 06 00 2E 00 95 0E 37 0D 9B 9D 04 00 08 00 00 00 00 00 00 00 00 00 00 
00 00 01 00 03 16 00 06 00 2F 00 97 FA 84 0D 9E 89 51 00 08 00 00 00 00 00 00 00 00 00 00 
00 00 01 00 03 16 00 06 00 30 00 9A E0 5B 0D A1 6F 27 00 08 00 00 00 00 00 00 00 00 00 00 
00 00 01 00 03 16 00 06 00 31 00 9D C6 AB 0D A4 55 75 00 08 00 00 00 00 00 00 00 00 00 00 
00 00 01 00 03 16 00 06 00 32 00 A0 B5 E6 0D A7 44 B0 00 08 00 00 00 00 00 00 00 00 00 00 
00 00 01 00 03 16 00 06 00 33 00 A3 96 D2 0D AA 25 9C 00 08 00 00 00 00 00 00 00 00 00 00 
00 00 01 00 03 16 00 06 00 34 00 A6 93 1C 0D AD 21 E5 00 08 00 00 00 00 00 00 00 00 00 00 
00 00 01 00 03 16 00 06 00 35 00 A9 84 9D 0D B0 13 65 00 08 00 00 00 00 00 00 00 00 00 00 
00 00 01 00 03 16 00 06 00 36 00 AC 64 CB 0D B2 F3 93 00 08 00 00 00 00 00 00 00 00 00 00 
00 00 01 00 03 16 00 06 00 37 00 AF 4B AA 0D B5 DA 72 00 08 00 00 00 00 00 00 00 00 00 00 
00 00 01 00 03 16 00 06 00 38 00 B2 21 70 0D B8 B0 37 00 08 00 00 00 00 00 00 00 00 00 00 
00 00 01 00 03 16 00 06 00 39 00 B5 11 C7 0D BB A0 8E 00 08 00 00 00 00 00 00 00 00 00 00 
00 00 01 00 03 16 00 06 00 3A 00 B8 03 EA 0D BE 92 B0 00 07 00 00 00 00 00 00 00 00 00 00 
00 00 01 00 03 16 00 06 00 3B 00 BA F9 CF 0D C1 88 93 00 07 00 00 00 00 00 00 00 00 00 00 
00 00 01 00 03 16 00 06 00 3C 00 BD E2 14 0D C4 70 D8 00 07 00 00 00 00 00 00 00 00 00 00 
00 00 01 00 03 16 00 06 00 3D 00 C0 E0 99 0D C7 6F 5D 00 06 00 00 00 00 00 00 00 00 00 00 
00 00 01 00 03 16 00 06 00 3E 00 C3 EB FA 0D CA 7A BD 00 05 00 00 00 00 00 00 00 00 00 00 
00 00 01 00 03 16 00 06 00 3F 00 C6 BF CD 0D CD 4E 8F 00 04 00 00 00 00 00 00 00 00 00 00 
00 00 01 00 03 16 00 06 00 40 00 C9 A6 F8 0D D0 35 BA 00 05 00 00 00 00 00 00 00 00 00 00 
00 00 01 00 03 16 00 06 00 41 00 CC 96 26 0D D3 24 E6 00 04 00 00 00 00 00 00 00 00 00 00 
00 00 01 00 03 16 00 06 00 42 00 CF 7E 7E 0D D6 0D 3E 00 00 00 00 00 00 00 00 00 00 00 00 
00 00 01 00 03 16 00 06 00 43 00 D2 6E C6 0D D8 FD 86 00 01 00 00 00 00 00 00 00 00 00 00 
00 00 01 00 03 16 00 06 00 44 00 D5 67 16 0D DB F5 D4 00 06 00 00 00 00 00 00 00 00 00 00 
00 00 01 00 03 16 00 06 00 45 00 D8 4B 95 0D DE DA 53 00 06 00 00 00 00 00 00 00 00 00 00 
00 00 01 00 03 16 00 06 00 48 00 E1 25 9C 0D E7 B4 59 00 05 00 00 00 00 00 00 00 00 00 00 
00 00 01 00 03 16 00 06 00 49 00 E4 1F EA 0D EA AE A6 00 05 00 00 00 00 00 00 00 00 00 00 
00 00 01 00 03 16 00 06 00 4A 00 E6 FF BF 0D ED 8E 79 00 04 00 00 00 00 00 00 00 00 00 00 
00 00 01 00 03 16 00 06 00 4B 00 E9 E7 9B 0D F0 76 55 00 07 00 00 00 00 00 00 00 00 00 00 
00 00 01 00 03 16 00 06 00 4C 00 EC C2 35 0D F3 50 F0 00 06 00 00 00 00 00 00 00 00 00 00 
00 00 01 00 03 16 00 06 00 4D 00 EF B1 50 0D F6 40 09 00 04 00 00 00 00 00 00 00 00 00 00 
00 00 01 00 03 16 00 06 00 4E 00 F2 9C C0 0D F9 2B 78 00 06 00 00 00 00 00 00 00 00 00 00 
00 00 01 00 03 16 00 06 00 4F 00 F5 81 2F 0D FC 0F E7 00 07 00 00 00 00 00 00 00 00 00 00 
00 00 01 00 03 16 00 06 00 50 00 F8 89 C2 0D FF 18 79 00 06 00 00 00 00 00 00 00 00 00 00 
00 00 01 00 03 16 00 06 00 51 00 FB 92 EC 0E 02 21 A3 00 05 00 00 00 00 00 00 00 00 00 00 
00 00 01 00 03 16 00 06 00 52 00 FE 74 9F 0E 05 03 55 00 04 00 00 00 00 00 00 00 00 00 00 
00 00 01 00 03 16 00 06 00 53 01 01 62 F3 0E 07 F1 A8 00 05 00 00 00 00 00 00 00 00 00 00 
00 00 01 00 03 16 00 06 00 54 01 04 53 B0 0E 0A E2 64 00 05 00 00 00 00 00 00 00 00 00 00 
00 00 01 00 03 16 00 06 00 55 01 07 4C 6A 0E 0D DB 1F 00 06 00 00 00 00 00 00 00 00 00 00 
00 00 01 00 03 16 00 06 00 56 01 0A 53 06 0E 10 E1 B9 00 07 00 00 00 00 00 00 00 00 00 00 
00 00 01 00 03 16 00 06 00 57 01 0D 24 0D 0E 13 B2 C0 00 07 00 00 00 00 00 00 00 00 00 00 
00 00 01 00 03 16 00 06 00 58 01 10 20 97 0E 16 AF 49 00 06 00 00 00 00 00 00 00 00 00 00 
00 00 01 00 03 16 00 06 00 59 01 13 18 D8 0E 19 A7 89 00 04 00 00 00 00 00 00 00 00 00 00 
00 00 01 00 03 16 00 06 00 5A 01 16 04 47 0E 1C 92 F7 00 03 00 00 00 00 00 00 00 00 00 00 
00 00 01 00 03 16 00 06 00 5B 01 18 FD F7 0E 1F 8C A8 00 04 00 00 00 00 00 00 00 00 00 00 
00 00 01 00 03 16 00 06 00 5C 01 1B EC F5 0E 22 7B A4 00 05 00 00 00 00 00 00 00 00 00 00 
00 00 01 00 03 16 00 06 00 5D 01 1E F9 B4 0E 25 88 63 00 05 00 00 00 00 00 00 00 00 00 00 
00 00 01 00 03 16 00 06 00 5E 01 21 FA B0 0E 28 89 5E 00 04 00 00 00 00 00 00 00 00 00 00 
00 00 01 00 03 16 00 06 00 5F 01 24 EF AC 0E 2B 7E 59 00 04 00 00 00 00 00 00 00 00 00 00 
00 00 01 00 03 16 00 06 00 60 01 27 EE 5B 0E 2E 7D 08 00 04 00 00 00 00 00 00 00 00 00 00 
00 00 01 00 03 16 00 06 00 61 01 2A EB 38 0E 31 79 E4 00 05 00 00 00 00 00 00 00 00 00 00 
00 00 01 00 03 16 00 06 00 62 01 2D D3 1D 0E 34 61 C9 00 05 00 00 00 00 00 00 00 00 00 00 
00 00 01 00 03 16 00 06 00 63 01 30 D1 04 0E 37 5F AF 00 04 00 00 00 00 00 00 00 00 00 00 
00 00 01 00 03 16 00 06 00 64 0D 16 DB C9 00 10 4C DD 00 06 00 00 00 00 00 00 00 00 00 00 
00 00 01 00 03 16 00 06 00 65 0D 19 BA DB 00 13 2B F0 00 02 00 00 00 00 00 00 00 00 00 00 
00 00 01 00 03 16 00 06 00 66 0D 1C A5 82 00 16 16 98 00 04 00 00 00 00 00 00 00 00 00 00 
00 00 01 00 03 16 00 06 00 67 0D 1F 7D 81 00 18 EE 97 00 06 00 00 00 00 00 00 00 00 00 00 
00 00 01 00 03 16 00 06 00 68 0D 22 68 7D 00 1B D9 94 00 04 00 00 00 00 00 00 00 00 00 00 
00 00 01 00 03 16 00 06 00 69 0D 25 4C 1C 00 1E BD 34 00 04 00 00 00 00 00 00 00 00 00 00 
00 00 01 00 03 16 00 06 00 6A 0D 28 54 79 00 21 C5 91 00 04 00 00 00 00 00 00 00 00 00 00 
00 00 01 00 03 16 00 06 00 6B 0D 2B 3C F3 00 24 AE 0C 00 04 00 00 00 00 00 00 00 00 00 00 
00 00 01 00 03 16 00 06 00 6C 0D 2E 29 4D 00 27 9A 66 00 04 00 00 00 00 00 00 00 00 00 00 
00 00 01 00 03 16 00 06 00 6D 0D 31 1D 4E 00 2A 8E 67 00 06 00 00 00 00 00 00 00 00 00 00 
00 00 01 00 03 16 00 06 00 6E 0D 33 FA 90 00 2D 6B AB 00 05 00 00 00 00 00 00 00 00 00 00 
00 00 01 00 03 16 00 06 00 6F 0D 36 E9 8B 00 30 5A A7 00 06 00 00 00 00 00 00 00 00 00 00 
00 00 01 00 03 16 00 06 00 70 0D 39 F0 39 00 33 61 55 00 06 00 00 00 00 00 00 00 00 00 00 
00 00 01 00 03 16 00 06 00 71 0D 3C C4 56 00 36 35 72 00 06 00 00 00 00 00 00 00 00 00 00 
00 00 01 00 03 16 00 06 00 72 0D 3F 9A 57 00 39 0B 75 00 07 00 00 00 00 00 00 00 00 00 00 
00 00 01 00 03 16 00 06 00 73 0D 42 7A 6D 00 3B EB 8B 00 07 00 00 00 00 00 00 00 00 00 00 
00 00 01 00 03 16 00 06 00 74 0D 45 5D 79 00 3E CE 97 00 07 00 00 00 00 00 00 00 00 00 00 
00 00 01 00 03 16 00 06 00 75 0D 48 3F FE 00 41 B1 1D 00 07 00 00 00 00 00 00 00 00 00 00 
00 00 01 00 03 16 00 06 00 76 0D 4B 24 C8 00 44 95 E7 00 07 00 00 00 00 00 00 00 00 00 00 
00 00 01 00 03 16 00 06 00 77 0D 4E 14 E7 00 47 86 07 00 07 00 00 00 00 00 00 00 00 00 00 
00 00 01 00 03 16 00 06 00 78 0D 50 F2 B1 00 4A 63 D2 00 07 00 00 00 00 00 00 00 00 00 00 
00 00 01 00 03 16 00 06 00 79 0D 53 CA 01 00 4D 3B 22 00 07 00 00 00 00 00 00 00 00 00 00 
00 00 01 00 03 16 00 06 00 7A 0D 56 CF F0 00 50 41 12 00 07 00 00 00 00 00 00 00 00 00 00 
00 00 01 00 03 16 00 06 00 7B 0D 59 B6 27 00 53 27 4A 00 07 00 00 00 00 00 00 00 00 00 00 
00 00 01 00 03 16 00 06 00 7C 0D 5C A8 25 00 56 19 49 00 07 00 00 00 00 00 00 00 00 00 00 
00 00 01 00 03 16 00 06 00 7D 0D 5F AC 3B 00 59 1D 5F 00 07 00 00 00 00 00 00 00 00 00 00 
00 00 01 00 03 16 00 06 00 7E 0D 62 86 A3 00 5B F7 C8 00 07 00 00 00 00 00 00 00 00 00 00 
00 00 01 00 03 16 00 06 00 7F 0D 65 71 9A 00 5E E2 BF 00 07 00 00 00 00 00 00 00 00 00 00 
00 00 01 00 03 16 00 06 00 80 0D 68 4C A1 00 61 BD C7 00 07 00 00 00 00 00 00 00 00 00 00 
00 00 01 00 03 16 00 06 00 81 0D 6B 24 56 00 64 95 7D 00 07 00 00 00 00 00 00 00 00 00 00 
00 00 01 00 03 16 00 06 00 82 0D 6E 18 77 00 67 89 9E 00 07 00 00 00 00 00 00 00 00 00 00 
00 00 01 00 03 16 00 06 00 83 0D 71 08 76 00 6A 79 9E 00 07 00 00 00 00 00 00 00 00 00 00 
00 00 01 00 03 16 00 06 00 84 0D 73 F7 7E 00 6D 68 A7 00 07 00 00 00 00 00 00 00 00 00 00 
00 00 01 00 03 16 00 06 00 85 0D 76 EB F3 00 70 5D 1D 00 07 00 00 00 00 00 00 00 00 00 00 
00 00 01 00 03 16 00 06 00 86 0D 79 EC 45 00 73 5D 6E 00 07 00 00 00 00 00 00 00 00 00 00 
00 00 01 00 03 16 00 06 00 87 0D 7C C9 02 00 76 3A 2C 00 07 00 00 00 00 00 00 00 00 00 00 
00 00 01 00 03 16 00 06 00 88 0D 7F B5 2F 00 79 26 5A 00 07 00 00 00 00 00 00 00 00 00 00 
00 00 01 00 03 16 00 06 00 89 0D 82 93 DC 00 7C 05 08 00 07 00 00 00 00 00 00 00 00 00 00 
00 00 01 00 03 16 00 06 00 8A 0D 85 92 9C 00 7F 03 C8 00 07 00 00 00 00 00 00 00 00 00 00 
00 00 01 00 03 16 00 06 00 8B 0D 88 95 3E 00 82 06 6B 00 07 00 00 00 00 00 00 00 00 00 00 
00 00 01 00 03 16 00 06 00 8C 0D 8B 9B D2 00 85 0C FF 00 07 00 00 00 00 00 00 00 00 00 00 
00 00 01 00 03 16 00 06 00 8D 0D 8E 93 38 00 88 04 67 00 07 00 00 00 00 00 00 00 00 00 00 
00 00 01 00 03 16 00 06 00 8E 0D 91 8D 1D 00 8A FE 4C 00 07 00 00 00 00 00 00 00 00 00 00 
00 00 01 00 03 16 00 06 00 8F 0D 94 7B 75 00 8D EC A5 00 07 00 00 00 00 00 00 00 00 00 00 
00 00 01 00 03 16 00 06 00 90 0D 97 51 38 00 90 C2 69 00 07 00 00 00 00 00 00 00 00 00 00 
00 00 01 00 03 16 00 06 00 91 0D 9A 21 50 00 93 92 81 00 07 00 00 00 00 00 00 00 00 00 00 
00 00 01 00 03 16 00 06 00 92 0D 9D 13 21 00 96 84 52 00 07 00 00 00 00 00 00 00 00 00 00 
00 00 01 00 03 16 00 06 00 93 0D 9F FB FD 00 99 6D 2F 00 07 00 00 00 00 00 00 00 00 00 00 
00 00 01 00 03 16 00 06 00 94 0D A2 DA 19 00 9C 4B 4C 00 07 00 00 00 00 00 00 00 00 00 00 
00 00 01 00 03 16 00 06 00 95 0D A5 D6 90 00 9F 47 C3 00 07 00 00 00 00 00 00 00 00 00 00 
00 00 01 00 03 16 00 06 00 96 0D A8 C0 11 00 A2 31 45 00 07 00 00 00 00 00 00 00 00 00 00 
00 00 01 00 03 16 00 06 00 97 0D AB 9D 5D 00 A5 0E 92 00 07 00 00 00 00 00 00 00 00 00 00 
00 00 01 00 03 16 00 06 00 98 0D AE A9 48 00 A8 1A 7D 00 07 00 00 00 00 00 00 00 00 00 00 
00 00 01 00 03 16 00 06 00 99 0D B1 85 3E 00 AA F6 74 00 07 00 00 00 00 00 00 00 00 00 00 
00 00 01 00 03 16 00 06 00 9A 0D B4 6F 42 00 AD E0 79 00 07 00 00 00 00 00 00 00 00 00 00 
00 00 01 00 03 16 00 06 00 9B 0D B7 48 43 00 B0 B9 7B 00 07 00 00 00 00 00 00 00 00 00 00 
00 00 01 00 03 16 00 06 00 9C 0D BA 1F 4A 00 B3 90 82 00 07 00 00 00 00 00 00 00 00 00 00 
00 00 01 00 03 16 00 06 00 9D 0D BD 1F 7F 00 B6 90 B8 00 07 00 00 00 00 00 00 00 00 00 00 
00 00 01 00 03 16 00 06 00 9E 0D C0 1C 0F 00 B9 8D 48 00 06 00 00 00 00 00 00 00 00 00 00 
00 00 01 00 03 16 00 06 00 A0 0D C5 E6 89 00 BF 57 C4 00 06 00 00 00 00 00 00 00 00 00 00 
00 00 01 00 03 16 00 06 00 A1 0D C8 F2 C4 00 C2 64 00 00 05 00 00 00 00 00 00 00 00 00 00 
00 00 01 00 03 16 00 06 00 A2 0D CB E9 54 00 C5 5A 8F 00 04 00 00 00 00 00 00 00 00 00 00 
00 00 01 00 03 16 00 06 00 A4 0D D1 BA 09 00 CB 2B 46 00 04 00 00 00 00 00 00 00 00 00 00 
00 00 01 00 03 16 00 06 00 A5 0D D4 90 1B 00 CE 01 58 00 03 00 00 00 00 00 00 00 00 00 00 
00 00 01 00 03 16 00 06 00 A6 0D D7 7E 8D 00 D0 EF CC 00 03 00 00 00 00 00 00 00 00 00 00 
00 00 01 00 03 16 00 06 00 A7 0D DA 71 BA 00 D3 E2 F9 00 03 00 00 00 00 00 00 00 00 00 00 
00 00 01 00 03 16 00 06 00 A8 0D DD 61 DD 00 D6 D3 1C 00 05 00 00 00 00 00 00 00 00 00 00 
00 00 01 00 03 16 00 06 00 A9 0D E0 58 B6 00 D9 C9 F7 00 04 00 00 00 00 00 00 00 00 00 00 
00 00 01 00 03 16 00 06 00 AA 0D E3 4B 28 00 DC BC 69 00 04 00 00 00 00 00 00 00 00 00 00 
00 00 01 00 03 16 00 06 00 AB 0D E6 4E 16 00 DF BF 58 00 04 00 00 00 00 00 00 00 00 00 00 
00 00 01 00 03 16 00 06 00 AC 0D E9 2B 25 00 E2 9C 67 00 04 00 00 00 00 00 00 00 00 00 00 
00 00 01 00 03 16 00 06 00 AD 0D EC 1B A3 00 E5 8C E7 00 04 00 00 00 00 00 00 00 00 00 00 
00 00 01 00 03 16 00 06 00 AE 0D EF 03 DA 00 E8 75 1D 00 05 00 00 00 00 00 00 00 00 00 00 
00 00 01 00 03 16 00 06 00 B4 0E 00 9D 7F 00 FA 0E C6 00 05 00 00 00 00 00 00 00 00 00 00 
00 00 01 00 03 16 00 06 00 B5 0E 03 8F 42 00 FD 00 89 00 04 00 00 00 00 00 00 00 00 00 00 
00 00 01 00 03 16 00 06 00 BE 0E 1E 1D 13 01 17 8E 61 00 03 00 00 00 00 00 00 00 00 00 00 
00 00 01 00 03 16 00 06 00 BF 0E 21 01 9A 01 1A 72 E9 00 04 00 00 00 00 00 00 00 00 00 00 
00 00 01 00 03 16 00 06 00 C0 0E 23 FF 2B 01 1D 70 7A 00 04 00 00 00 00 00 00 00 00 00 00 
00 00 01 00 03 16 00 06 00 C1 0E 27 06 43 01 20 77 92 00 04 00 00 00 00 00 00 00 00 00 00 
00 00 01 00 03 16 00 06 00 C2 0E 2A 13 20 01 23 84 71 00 04 00 00 00 00 00 00 00 00 00 00 
00 00 01 00 03 16 00 06 00 C3 0E 2D 04 EA 01 26 76 3B 00 04 00 00 00 00 00 00 00 00 00 00 
00 00 01 00 03 16 00 06 00 C4 0E 2F F7 4F 01 29 68 A0 00 04 00 00 00 00 00 00 00 00 00 00 
00 00 01 00 03 16 00 06 00 C6 0E 35 DA 25 01 2F 4B 78 00 04 00 00 00 00 00 00 00 00 00 00 
00 00 04 00 03 16 00 06 00 00 00 00 00 00 00 00 00 00 00 00 00 00 00 00 00 00 00 00 00 00 
00 00 03 00 04 16 00 06 00 00 0E 38 D1 47 11 68 76 16 00 03 00 00 00 00 00 00 00 00 00 00 
00 00 04 00 03 16 00 06 00 01 00 00 00 00 00 00 00 00 00 00 00 00 00 00 00 00 00 00 00 00 
00 00 03 00 04 16 00 06 00 00 11 69 DD 3E 11 6B 49 B3 00 03 00 00 00 00 00 00 00 00 00 00 
00 00 04 00 03 16 00 06 00 02 00 00 00 00 00 00 00 00 00 00 00 00 00 00 00 00 00 00 00 00 
00 00 03 00 04 16 00 06 00 00 11 6C C4 60 11 6E 3E 80 00 01 00 00 00 00 00 00 00 00 00 00 
00 00 04 00 03 16 00 06 00 03 00 00 00 00 00 00 00 00 00 00 00 00 00 00 00 00 00 00 00 00 
00 00 03 00 04 16 00 06 00 00 11 6F C3 A0 11 71 2B E5 00 03 00 00 00 00 00 00 00 00 00 00 
00 00 04 00 03 16 00 06 00 04 00 00 00 00 00 00 00 00 00 00 00 00 00 00 00 00 00 00 00 00 
00 00 03 00 04 16 00 06 00 00 11 72 A7 11 11 74 1A 64 00 05 00 00 00 00 00 00 00 00 00 00 
00 00 04 00 03 16 00 06 00 05 00 00 00 00 00 00 00 00 00 00 00 00 00 00 00 00 00 00 00 00 
00 00 03 00 04 16 00 06 00 00 11 75 8E 1E 11 76 FB 20 00 06 00 00 00 00 00 00 00 00 00 00 
00 00 04 00 03 16 00 06 00 06 00 00 00 00 00 00 00 00 00 00 00 00 00 00 00 00 00 00 00 00 
00 00 03 00 04 16 00 06 00 00 11 78 67 40 11 79 F2 6D 00 04 00 00 00 00 00 00 00 00 00 00 
00 00 04 00 03 16 00 06 00 07 00 00 00 00 00 00 00 00 00 00 00 00 00 00 00 00 00 00 00 00 
00 00 03 00 04 16 00 06 00 00 11 7B 5B 3B 11 7C DA 5C 00 05 00 00 00 00 00 00 00 00 00 00 
00 00 04 00 03 16 00 06 00 08 00 00 00 00 00 00 00 00 00 00 00 00 00 00 00 00 00 00 00 00 
00 00 03 00 04 16 00 06 00 00 11 7E 61 B9 11 7F CC 85 00 03 00 00 00 00 00 00 00 00 00 00 
00 00 04 00 03 16 00 06 00 09 00 00 00 00 00 00 00 00 00 00 00 00 00 00 00 00 00 00 00 00 
00 00 03 00 04 16 00 06 00 00 11 81 56 68 11 82 C6 BB 00 03 00 00 00 00 00 00 00 00 00 00 
00 00 04 00 03 16 00 06 00 0A 00 00 00 00 00 00 00 00 00 00 00 00 00 00 00 00 00 00 00 00 
00 00 03 00 04 16 00 06 00 00 11 84 3C BA 11 85 B3 5C 00 02 00 00 00 00 00 00 00 00 00 00 
00 00 04 00 03 16 00 06 00 0B 00 00 00 00 00 00 00 00 00 00 00 00 00 00 00 00 00 00 00 00 
00 00 03 00 04 16 00 06 00 00 11 87 1C F4 11 88 9F 7E 00 01 00 00 00 00 00 00 00 00 00 00 
00 00 04 00 03 16 00 06 00 0C 00 00 00 00 00 00 00 00 00 00 00 00 00 00 00 00 00 00 00 00 
00 00 03 00 04 16 00 06 00 00 11 8A 21 AB 11 8B A1 A8 00 00 00 00 00 00 00 00 00 00 00 00 
00 00 04 00 03 16 00 06 00 0D 00 00 00 00 00 00 00 00 00 00 00 00 00 00 00 00 00 00 00 00 
00 00 03 00 04 16 00 06 00 00 11 8D 22 37 11 8E 8B 66 00 01 00 00 00 00 00 00 00 00 00 00 
00 00 04 00 03 16 00 06 00 0E 00 00 00 00 00 00 00 00 00 00 00 00 00 00 00 00 00 00 00 00 
00 00 03 00 04 16 00 06 00 00 11 90 08 97 11 91 72 F0 00 00 00 00 00 00 00 00 00 00 00 00 
00 00 04 00 03 16 00 06 00 0F 00 00 00 00 00 00 00 00 00 00 00 00 00 00 00 00 00 00 00 00 
00 00 03 00 04 16 00 06 00 00 11 92 DF 14 11 94 51 C2 00 01 00 00 00 00 00 00 00 00 00 00 
00 00 04 00 03 16 00 06 00 10 00 00 00 00 00 00 00 00 00 00 00 00 00 00 00 00 00 00 00 00 
00 00 03 00 04 16 00 06 00 00 11 95 C0 19 11 97 2C 1E 00 01 00 00 00 00 00 00 00 00 00 00 
00 00 04 00 03 16 00 06 00 11 00 00 00 00 00 00 00 00 00 00 00 00 00 00 00 00 00 00 00 00 
00 00 03 00 04 16 00 06 00 00 11 98 94 41 11 9A 07 B2 00 03 00 00 00 00 00 00 00 00 00 00 
00 00 04 00 03 16 00 06 00 12 00 00 00 00 00 00 00 00 00 00 00 00 00 00 00 00 00 00 00 00 
00 00 03 00 04 16 00 06 00 00 11 9B 73 85 11 9C DC BE 00 04 00 00 00 00 00 00 00 00 00 00 
00 00 04 00 03 16 00 06 00 13 00 00 00 00 00 00 00 00 00 00 00 00 00 00 00 00 00 00 00 00 
00 00 03 00 04 16 00 06 00 00 11 9E 56 41 11 9F C9 40 00 04 00 00 00 00 00 00 00 00 00 00 
00 00 04 00 03 16 00 06 00 14 00 00 00 00 00 00 00 00 00 00 00 00 00 00 00 00 00 00 00 00 
00 00 03 00 04 16 00 06 00 00 11 A1 39 1C 11 A2 A2 63 00 03 00 00 00 00 00 00 00 00 00 00 
00 00 04 00 03 16 00 06 00 15 00 00 00 00 00 00 00 00 00 00 00 00 00 00 00 00 00 00 00 00 
00 00 03 00 04 16 00 06 00 00 11 A4 21 68 11 A5 8C E2 00 03 00 00 00 00 00 00 00 00 00 00 
00 00 04 00 03 16 00 06 00 16 00 00 00 00 00 00 00 00 00 00 00 00 00 00 00 00 00 00 00 00 
00 00 03 00 04 16 00 06 00 00 11 A7 00 8D 11 A8 83 02 00 01 00 00 00 00 00 00 00 00 00 00 
00 00 04 00 03 16 00 06 00 17 00 00 00 00 00 00 00 00 00 00 00 00 00 00 00 00 00 00 00 00 
00 00 03 00 04 16 00 06 00 00 11 AA 02 5C 11 AB 78 E8 00 03 00 00 00 00 00 00 00 00 00 00 
00 00 04 00 03 16 00 06 00 18 00 00 00 00 00 00 00 00 00 00 00 00 00 00 00 00 00 00 00 00 
00 00 03 00 04 16 00 06 00 00 11 AC F9 CC 11 AE 67 7E 00 05 00 00 00 00 00 00 00 00 00 00 
00 00 04 00 03 16 00 06 00 19 00 00 00 00 00 00 00 00 00 00 00 00 00 00 00 00 00 00 00 00 
00 00 03 00 04 16 00 06 00 00 11 AF E3 1F 11 B1 5F 5F 00 04 00 00 00 00 00 00 00 00 00 00 
00 00 04 00 03 16 00 06 00 1A 00 00 00 00 00 00 00 00 00 00 00 00 00 00 00 00 00 00 00 00 
00 00 03 00 04 16 00 06 00 00 11 B2 E1 C0 11 B4 54 0F 00 03 00 00 00 00 00 00 00 00 00 00 
00 00 04 00 03 16 00 06 00 1B 00 00 00 00 00 00 00 00 00 00 00 00 00 00 00 00 00 00 00 00 
00 00 03 00 04 16 00 06 00 00 11 B5 C0 29 11 B7 2B 9E 00 03 00 00 00 00 00 00 00 00 00 00 
00 00 04 00 03 16 00 06 00 1C 00 00 00 00 00 00 00 00 00 00 00 00 00 00 00 00 00 00 00 00 
00 00 03 00 04 16 00 06 00 00 11 B8 AF 43 11 BA 22 A0 00 02 00 00 00 00 00 00 00 00 00 00 
00 00 04 00 03 16 00 06 00 1D 00 00 00 00 00 00 00 00 00 00 00 00 00 00 00 00 00 00 00 00 
00 00 03 00 04 16 00 06 00 00 11 BB 9F 65 11 BD 0E BC 00 00 00 00 00 00 00 00 00 00 00 00 
00 00 04 00 03 16 00 06 00 1E 00 00 00 00 00 00 00 00 00 00 00 00 00 00 00 00 00 00 00 00 
00 00 03 00 04 16 00 06 00 00 11 BE 81 D5 11 BF F2 41 00 00 00 00 00 00 00 00 00 00 00 00 
00 00 04 00 03 16 00 06 00 1F 00 00 00 00 00 00 00 00 00 00 00 00 00 00 00 00 00 00 00 00 
00 00 03 00 04 16 00 06 00 00 11 C1 5C 39 11 C2 C4 AC 00 02 00 00 00 00 00 00 00 00 00 00 
00 00 04 00 03 16 00 06 00 20 00 00 00 00 00 00 00 00 00 00 00 00 00 00 00 00 00 00 00 00 
00 00 03 00 04 16 00 06 00 00 11 C4 3F 8C 11 C5 C6 C4 00 00 00 00 00 00 00 00 00 00 00 00 
00 00 04 00 03 16 00 06 00 00 00 00 00 00 00 00 00 00 00 00 00 00 00 00 00 00 00 00 00 00 
00 00 03 00 04 16 00 06 00 00 00 00 00 00 09 8F 5B 1F 00 0E 00 00 00 00 00 00 00 00 00 00 
00 00 04 00 03 16 00 06 00 01 00 00 00 00 00 00 00 00 00 00 00 00 00 00 00 00 00 00 00 00 
00 00 03 00 04 16 00 06 00 00 09 90 C0 1A 09 92 2E BD 00 0E 00 00 00 00 00 00 00 00 00 00 
00 00 04 00 03 16 00 06 00 02 00 00 00 00 00 00 00 00 00 00 00 00 00 00 00 00 00 00 00 00 
00 00 03 00 04 16 00 06 00 00 09 93 95 46 09 95 11 F7 00 0F 00 00 00 00 00 00 00 00 00 00 
00 00 04 00 03 16 00 06 00 03 00 00 00 00 00 00 00 00 00 00 00 00 00 00 00 00 00 00 00 00 
00 00 03 00 04 16 00 06 00 00 09 96 79 D4 09 97 DF B4 00 0F 00 00 00 00 00 00 00 00 00 00 
00 00 04 00 03 16 00 06 00 04 00 00 00 00 00 00 00 00 00 00 00 00 00 00 00 00 00 00 00 00 
00 00 03 00 04 16 00 06 00 00 09 99 5C F7 09 9A D1 B8 00 0F 00 00 00 00 00 00 00 00 00 00 
00 00 04 00 03 16 00 06 00 05 00 00 00 00 00 00 00 00 00 00 00 00 00 00 00 00 00 00 00 00 
00 00 03 00 04 16 00 06 00 00 09 9C 51 3C 09 9D C0 85 00 0E 00 00 00 00 00 00 00 00 00 00 
00 00 04 00 03 16 00 06 00 06 00 00 00 00 00 00 00 00 00 00 00 00 00 00 00 00 00 00 00 00 
00 00 03 00 04 16 00 06 00 00 09 9F 2B C5 09 A0 B4 4C 00 0E 00 00 00 00 00 00 00 00 00 00 
00 00 04 00 03 16 00 06 00 07 00 00 00 00 00 00 00 00 00 00 00 00 00 00 00 00 00 00 00 00 
00 00 03 00 04 16 00 06 00 00 09 A2 3B 3F 09 A3 B8 5C 00 0E 00 00 00 00 00 00 00 00 00 00 
00 00 04 00 03 16 00 06 00 08 00 00 00 00 00 00 00 00 00 00 00 00 00 00 00 00 00 00 00 00 
00 00 03 00 04 16 00 06 00 00 09 A5 36 45 09 A6 9F F9 00 0E 00 00 00 00 00 00 00 00 00 00 
00 00 04 00 03 16 00 06 00 09 00 00 00 00 00 00 00 00 00 00 00 00 00 00 00 00 00 00 00 00 
00 00 03 00 04 16 00 06 00 00 09 A8 12 C9 09 A9 85 17 00 0F 00 00 00 00 00 00 00 00 00 00 
00 00 04 00 03 16 00 06 00 0A 00 00 00 00 00 00 00 00 00 00 00 00 00 00 00 00 00 00 00 00 
00 00 03 00 04 16 00 06 00 00 09 AB 00 7E 09 AC 78 C0 00 0E 00 00 00 00 00 00 00 00 00 00 
00 00 04 00 03 16 00 06 00 0B 00 00 00 00 00 00 00 00 00 00 00 00 00 00 00 00 00 00 00 00 
00 00 03 00 04 16 00 06 00 00 09 AD F3 F0 09 AF 76 77 00 0E 00 00 00 00 00 00 00 00 00 00 
00 00 04 00 03 16 00 06 00 0C 00 00 00 00 00 00 00 00 00 00 00 00 00 00 00 00 00 00 00 00 
00 00 03 00 04 16 00 06 00 00 09 B0 DD F2 09 B2 60 02 00 0F 00 00 00 00 00 00 00 00 00 00 
00 00 04 00 03 16 00 06 00 0D 00 00 00 00 00 00 00 00 00 00 00 00 00 00 00 00 00 00 00 00 
00 00 03 00 04 16 00 06 00 00 09 B3 D0 56 09 B5 38 2C 00 0F 00 00 00 00 00 00 00 00 00 00 
00 00 04 00 03 16 00 06 00 0E 00 00 00 00 00 00 00 00 00 00 00 00 00 00 00 00 00 00 00 00 
00 00 03 00 04 16 00 06 00 00 09 B6 B3 8F 09 B8 1F B4 00 0E 00 00 00 00 00 00 00 00 00 00 
00 00 04 00 03 16 00 06 00 0F 00 00 00 00 00 00 00 00 00 00 00 00 00 00 00 00 00 00 00 00 
00 00 03 00 04 16 00 06 00 00 09 B9 88 24 09 BA FB 03 00 0E 00 00 00 00 00 00 00 00 00 00 
00 00 04 00 03 16 00 06 00 10 00 00 00 00 00 00 00 00 00 00 00 00 00 00 00 00 00 00 00 00 
00 00 03 00 04 16 00 06 00 00 09 BC 63 4D 09 BD D1 DB 00 0E 00 00 00 00 00 00 00 00 00 00 
00 00 04 00 03 16 00 06 00 11 00 00 00 00 00 00 00 00 00 00 00 00 00 00 00 00 00 00 00 00 
00 00 03 00 04 16 00 06 00 00 09 BF 4B C2 09 C0 BF 05 00 0E 00 00 00 00 00 00 00 00 00 00 
00 00 04 00 03 16 00 06 00 12 00 00 00 00 00 00 00 00 00 00 00 00 00 00 00 00 00 00 00 00 
00 00 03 00 04 16 00 06 00 00 09 C2 41 C6 09 C3 AC AB 00 0E 00 00 00 00 00 00 00 00 00 00 
00 00 04 00 03 16 00 06 00 13 00 00 00 00 00 00 00 00 00 00 00 00 00 00 00 00 00 00 00 00 
00 00 03 00 04 16 00 06 00 00 09 C5 32 E2 09 C6 A7 3F 00 0E 00 00 00 00 00 00 00 00 00 00 
00 00 04 00 03 16 00 06 00 14 00 00 00 00 00 00 00 00 00 00 00 00 00 00 00 00 00 00 00 00 
00 00 03 00 04 16 00 06 00 00 09 C8 2B B1 09 C9 91 F7 00 0F 00 00 00 00 00 00 00 00 00 00 
00 00 04 00 03 16 00 06 00 15 00 00 00 00 00 00 00 00 00 00 00 00 00 00 00 00 00 00 00 00 
00 00 03 00 04 16 00 06 00 00 09 CA FC BB 09 CC 6A E0 00 0E 00 00 00 00 00 00 00 00 00 00 
00 00 04 00 03 16 00 06 00 16 00 00 00 00 00 00 00 00 00 00 00 00 00 00 00 00 00 00 00 00 
00 00 03 00 04 16 00 06 00 00 09 CD E1 BC 09 CF 64 84 00 0E 00 00 00 00 00 00 00 00 00 00 
00 00 04 00 03 16 00 06 00 17 00 00 00 00 00 00 00 00 00 00 00 00 00 00 00 00 00 00 00 00 
00 00 03 00 04 16 00 06 00 00 09 D0 CD 2A 09 D2 45 51 00 0E 00 00 00 00 00 00 00 00 00 00 
00 00 04 00 03 16 00 06 00 18 00 00 00 00 00 00 00 00 00 00 00 00 00 00 00 00 00 00 00 00 
00 00 03 00 04 16 00 06 00 00 09 D3 C3 97 09 D5 33 E7 00 0F 00 00 00 00 00 00 00 00 00 00 
00 00 04 00 03 16 00 06 00 19 00 00 00 00 00 00 00 00 00 00 00 00 00 00 00 00 00 00 00 00 
00 00 03 00 04 16 00 06 00 00 09 D6 9F FE 09 D8 1D B7 00 0E 00 00 00 00 00 00 00 00 00 00 
00 00 04 00 03 16 00 06 00 1A 00 00 00 00 00 00 00 00 00 00 00 00 00 00 00 00 00 00 00 00 
00 00 03 00 04 16 00 06 00 00 09 D9 86 A0 09 DA F9 CA 00 0E 00 00 00 00 00 00 00 00 00 00 
00 00 04 00 03 16 00 06 00 1B 00 00 00 00 00 00 00 00 00 00 00 00 00 00 00 00 00 00 00 00 
00 00 03 00 04 16 00 06 00 00 09 DC 63 06 09 DD CD D6 00 0F 00 00 00 00 00 00 00 00 00 00 
00 00 04 00 03 16 00 06 00 1C 00 00 00 00 00 00 00 00 00 00 00 00 00 00 00 00 00 00 00 00 
00 00 03 00 04 16 00 06 00 00 09 DF 50 86 09 E0 C1 53 00 0F 00 00 00 00 00 00 00 00 00 00 
00 00 04 00 03 16 00 06 00 1D 00 00 00 00 00 00 00 00 00 00 00 00 00 00 00 00 00 00 00 00 
00 00 03 00 04 16 00 06 00 00 09 E2 3D BD 09 E3 AD 6E 00 0F 00 00 00 00 00 00 00 00 00 00 
00 00 04 00 03 16 00 06 00 1E 00 00 00 00 00 00 00 00 00 00 00 00 00 00 00 00 00 00 00 00 
00 00 03 00 04 16 00 06 00 00 09 E5 20 39 09 E6 90 F2 00 0F 00 00 00 00 00 00 00 00 00 00 
00 00 04 00 03 16 00 06 00 1F 00 00 00 00 00 00 00 00 00 00 00 00 00 00 00 00 00 00 00 00 
00 00 03 00 04 16 00 06 00 00 09 E8 09 0B 09 E9 71 6E 00 0E 00 00 00 00 00 00 00 00 00 00 
00 00 04 00 03 16 00 06 00 20 00 00 00 00 00 00 00 00 00 00 00 00 00 00 00 00 00 00 00 00 
00 00 03 00 04 16 00 06 00 00 09 EA F7 85 09 EC 7E 12 00 0E 00 00 00 00 00 00 00 00 00 00 
00 00 04 00 03 16 00 06 00 21 00 00 00 00 00 00 00 00 00 00 00 00 00 00 00 00 00 00 00 00 
00 00 03 00 04 16 00 06 00 00 09 ED FF 1B 09 EF 7D 4E 00 0F 00 00 00 00 00 00 00 00 00 00 
00 00 04 00 03 16 00 06 00 22 00 00 00 00 00 00 00 00 00 00 00 00 00 00 00 00 00 00 00 00 
00 00 03 00 04 16 00 06 00 00 09 F0 E6 E4 09 F2 6E 68 00 0E 00 00 00 00 00 00 00 00 00 00 
00 00 04 00 03 16 00 06 00 23 00 00 00 00 00 00 00 00 00 00 00 00 00 00 00 00 00 00 00 00 
00 00 03 00 04 16 00 06 00 00 09 F3 DD 09 09 F5 4B CC 00 0F 00 00 00 00 00 00 00 00 00 00 
00 00 04 00 03 16 00 06 00 24 00 00 00 00 00 00 00 00 00 00 00 00 00 00 00 00 00 00 00 00 
00 00 03 00 04 16 00 06 00 00 09 F6 CA 55 09 F8 3B 5A 00 0F 00 00 00 00 00 00 00 00 00 00 
00 00 04 00 03 16 00 06 00 25 00 00 00 00 00 00 00 00 00 00 00 00 00 00 00 00 00 00 00 00 
00 00 03 00 04 16 00 06 00 00 09 F9 B0 B9 09 FB 27 C3 00 0F 00 00 00 00 00 00 00 00 00 00 
00 00 04 00 03 16 00 06 00 26 00 00 00 00 00 00 00 00 00 00 00 00 00 00 00 00 00 00 00 00 
00 00 03 00 04 16 00 06 00 00 09 FC A4 4A 09 FE 24 27 00 0E 00 00 00 00 00 00 00 00 00 00 
00 00 04 00 03 16 00 06 00 27 00 00 00 00 00 00 00 00 00 00 00 00 00 00 00 00 00 00 00 00 
00 00 03 00 04 16 00 06 00 00 09 FF 8D 85 0A 01 11 EB 00 0E 00 00 00 00 00 00 00 00 00 00 
00 00 04 00 03 16 00 06 00 28 00 00 00 00 00 00 00 00 00 00 00 00 00 00 00 00 00 00 00 00 
00 00 03 00 04 16 00 06 00 00 0A 02 78 7B 0A 03 FB 3C 00 0E 00 00 00 00 00 00 00 00 00 00 
00 00 04 00 03 16 00 06 00 29 00 00 00 00 00 00 00 00 00 00 00 00 00 00 00 00 00 00 00 00 
00 00 03 00 04 16 00 06 00 00 0A 05 76 88 0A 06 EB C2 00 0E 00 00 00 00 00 00 00 00 00 00 
00 00 04 00 03 16 00 06 00 2A 00 00 00 00 00 00 00 00 00 00 00 00 00 00 00 00 00 00 00 00 
00 00 03 00 04 16 00 06 00 00 0A 08 54 1D 0A 09 DE 1C 00 0E 00 00 00 00 00 00 00 00 00 00 
00 00 04 00 03 16 00 06 00 2B 00 00 00 00 00 00 00 00 00 00 00 00 00 00 00 00 00 00 00 00 
00 00 03 00 04 16 00 06 00 00 0A 0B 4E 74 0A 0C D3 8A 00 0F 00 00 00 00 00 00 00 00 00 00 
00 00 04 00 03 16 00 06 00 2C 00 00 00 00 00 00 00 00 00 00 00 00 00 00 00 00 00 00 00 00 
00 00 03 00 04 16 00 06 00 00 0A 0E 57 BB 0A 0F C1 58 00 0F 00 00 00 00 00 00 00 00 00 00 
00 00 04 00 03 16 00 06 00 2D 00 00 00 00 00 00 00 00 00 00 00 00 00 00 00 00 00 00 00 00 
00 00 03 00 04 16 00 06 00 00 0A 11 48 4F 0A 12 AE 60 00 0E 00 00 00 00 00 00 00 00 00 00 
00 00 04 00 03 16 00 06 00 2E 00 00 00 00 00 00 00 00 00 00 00 00 00 00 00 00 00 00 00 00 
00 00 03 00 04 16 00 06 00 00 0A 14 30 FB 0A 15 AB DF 00 0F 00 00 00 00 00 00 00 00 00 00 
00 00 04 00 03 16 00 06 00 2F 00 00 00 00 00 00 00 00 00 00 00 00 00 00 00 00 00 00 00 00 
00 00 03 00 04 16 00 06 00 00 0A 17 15 89 0A 18 8D 9F 00 0F 00 00 00 00 00 00 00 00 00 00 
00 00 04 00 03 16 00 06 00 30 00 00 00 00 00 00 00 00 00 00 00 00 00 00 00 00 00 00 00 00 
00 00 03 00 04 16 00 06 00 00 0A 19 FB E4 0A 1B 6F F1 00 0F 00 00 00 00 00 00 00 00 00 00 
00 00 04 00 03 16 00 06 00 31 00 00 00 00 00 00 00 00 00 00 00 00 00 00 00 00 00 00 00 00 
00 00 03 00 04 16 00 06 00 00 0A 1C F8 C4 0A 1E 75 E5 00 0F 00 00 00 00 00 00 00 00 00 00 
00 00 04 00 03 16 00 06 00 32 00 00 00 00 00 00 00 00 00 00 00 00 00 00 00 00 00 00 00 00 
00 00 03 00 04 16 00 06 00 00 0A 1F F5 C2 0A 21 65 20 00 0E 00 00 00 00 00 00 00 00 00 00 
00 00 04 00 03 16 00 06 00 33 00 00 00 00 00 00 00 00 00 00 00 00 00 00 00 00 00 00 00 00 
00 00 03 00 04 16 00 06 00 00 0A 22 E1 EE 0A 24 49 8F 00 0E 00 00 00 00 00 00 00 00 00 00 
00 00 04 00 03 16 00 06 00 34 00 00 00 00 00 00 00 00 00 00 00 00 00 00 00 00 00 00 00 00 
00 00 03 00 04 16 00 06 00 00 0A 25 C4 20 0A 27 49 5D 00 0E 00 00 00 00 00 00 00 00 00 00 
00 00 04 00 03 16 00 06 00 35 00 00 00 00 00 00 00 00 00 00 00 00 00 00 00 00 00 00 00 00 
00 00 04 00 03 16 00 06 00 36 00 00 00 00 00 00 00 00 00 00 00 00 00 00 00 00 00 00 00 00 
00 00 03 00 04 16 00 06 00 00 0A 2B A4 D4 0A 2D 14 02 00 0F 00 00 00 00 00 00 00 00 00 00 
00 00 04 00 03 16 00 06 00 37 00 00 00 00 00 00 00 00 00 00 00 00 00 00 00 00 00 00 00 00 
00 00 03 00 04 16 00 06 00 00 0A 2E 82 89 0A 2F EC D0 00 0E 00 00 00 00 00 00 00 00 00 00 
00 00 04 00 03 16 00 06 00 38 00 00 00 00 00 00 00 00 00 00 00 00 00 00 00 00 00 00 00 00 
00 00 03 00 04 16 00 06 00 00 0A 31 76 FD 0A 32 E2 3A 00 0E 00 00 00 00 00 00 00 00 00 00 
00 00 04 00 03 16 00 06 00 39 00 00 00 00 00 00 00 00 00 00 00 00 00 00 00 00 00 00 00 00 
00 00 03 00 04 16 00 06 00 00 0A 34 66 DF 0A 35 E7 AA 00 0E 00 00 00 00 00 00 00 00 00 00 
00 00 04 00 03 16 00 06 00 3A 00 00 00 00 00 00 00 00 00 00 00 00 00 00 00 00 00 00 00 00 
00 00 04 00 03 16 00 06 00 3B 00 00 00 00 00 00 00 00 00 00 00 00 00 00 00 00 00 00 00 00 
00 00 03 00 04 16 00 06 00 00 0A 3A 2A 4D 0A 3B 97 6F 00 0E 00 00 00 00 00 00 00 00 00 00 
00 00 04 00 03 16 00 06 00 3C 00 00 00 00 00 00 00 00 00 00 00 00 00 00 00 00 00 00 00 00 
00 00 03 00 04 16 00 06 00 00 0A 3D 16 09 0A 3E 7F B2 00 0F 00 00 00 00 00 00 00 00 00 00 
00 00 04 00 03 16 00 06 00 3D 00 00 00 00 00 00 00 00 00 00 00 00 00 00 00 00 00 00 00 00 
00 00 03 00 04 16 00 06 00 00 0A 3F EC 48 0A 41 73 AA 00 0E 00 00 00 00 00 00 00 00 00 00 
00 00 04 00 03 16 00 06 00 3E 00 00 00 00 00 00 00 00 00 00 00 00 00 00 00 00 00 00 00 00 
00 00 03 00 04 16 00 06 00 00 0A 42 EF EE 0A 44 78 03 00 0E 00 00 00 00 00 00 00 00 00 00 
00 00 04 00 03 16 00 06 00 3F 00 00 00 00 00 00 00 00 00 00 00 00 00 00 00 00 00 00 00 00 
00 00 03 00 04 16 00 06 00 00 0A 45 E4 84 0A 47 4B D4 00 0E 00 00 00 00 00 00 00 00 00 00 
00 00 04 00 03 16 00 06 00 40 00 00 00 00 00 00 00 00 00 00 00 00 00 00 00 00 00 00 00 00 
00 00 03 00 04 16 00 06 00 00 0A 48 D3 F2 0A 4A 3D 8B 00 0F 00 00 00 00 00 00 00 00 00 00 
00 00 04 00 03 16 00 06 00 41 00 00 00 00 00 00 00 00 00 00 00 00 00 00 00 00 00 00 00 00 
00 00 03 00 04 16 00 06 00 00 0A 4B B8 DE 0A 4D 22 2C 00 0E 00 00 00 00 00 00 00 00 00 00 
00 00 04 00 03 16 00 06 00 42 00 00 00 00 00 00 00 00 00 00 00 00 00 00 00 00 00 00 00 00 
00 00 03 00 04 16 00 06 00 00 0A 4E 8D B6 0A 50 0A 84 00 0E 00 00 00 00 00 00 00 00 00 00 
00 00 04 00 03 16 00 06 00 43 00 00 00 00 00 00 00 00 00 00 00 00 00 00 00 00 00 00 00 00 
00 00 03 00 04 16 00 06 00 00 0A 51 70 DA 0A 52 F0 3E 00 0F 00 00 00 00 00 00 00 00 00 00 
00 00 04 00 03 16 00 06 00 44 00 00 00 00 00 00 00 00 00 00 00 00 00 00 00 00 00 00 00 00 
00 00 03 00 04 16 00 06 00 00 0A 54 74 56 0A 55 FA 22 00 0E 00 00 00 00 00 00 00 00 00 00 
00 00 04 00 03 16 00 06 00 45 00 00 00 00 00 00 00 00 00 00 00 00 00 00 00 00 00 00 00 00 
00 00 03 00 04 16 00 06 00 00 0A 57 7E 4C 0A 58 F7 3D 00 0F 00 00 00 00 00 00 00 00 00 00 
00 00 04 00 03 16 00 06 00 46 00 00 00 00 00 00 00 00 00 00 00 00 00 00 00 00 00 00 00 00 
00 00 03 00 04 16 00 06 00 00 0A 5A 81 3B 0A 5B EE 58 00 0E 00 00 00 00 00 00 00 00 00 00 
00 00 04 00 03 16 00 06 00 47 00 00 00 00 00 00 00 00 00 00 00 00 00 00 00 00 00 00 00 00 
00 00 03 00 04 16 00 06 00 00 0A 5D 62 23 0A 5E E7 58 00 0F 00 00 00 00 00 00 00 00 00 00 
00 00 04 00 03 16 00 06 00 48 00 00 00 00 00 00 00 00 00 00 00 00 00 00 00 00 00 00 00 00 
00 00 03 00 04 16 00 06 00 00 0A 60 50 AA 0A 61 B8 A6 00 0F 00 00 00 00 00 00 00 00 00 00 
00 00 04 00 03 16 00 06 00 49 00 00 00 00 00 00 00 00 00 00 00 00 00 00 00 00 00 00 00 00 
00 00 03 00 04 16 00 06 00 00 0A 63 21 41 0A 64 A1 5E 00 0E 00 00 00 00 00 00 00 00 00 00 
00 00 04 00 03 16 00 06 00 4A 00 00 00 00 00 00 00 00 00 00 00 00 00 00 00 00 00 00 00 00 
00 00 03 00 04 16 00 06 00 00 0A 66 1C 82 0A 67 8F 42 00 0E 00 00 00 00 00 00 00 00 00 00 
00 00 04 00 03 16 00 06 00 4B 00 00 00 00 00 00 00 00 00 00 00 00 00 00 00 00 00 00 00 00 
00 00 03 00 04 16 00 06 00 00 0A 68 F7 AE 0A 6A 69 0D 00 0F 00 00 00 00 00 00 00 00 00 00 
00 00 04 00 03 16 00 06 00 4C 00 00 00 00 00 00 00 00 00 00 00 00 00 00 00 00 00 00 00 00 
00 00 03 00 04 16 00 06 00 00 0A 6B ED 5C 0A 6D 55 3B 00 0F 00 00 00 00 00 00 00 00 00 00 
00 00 04 00 03 16 00 06 00 4D 00 00 00 00 00 00 00 00 00 00 00 00 00 00 00 00 00 00 00 00 
00 00 03 00 04 16 00 06 00 00 0A 6E D7 FF 0A 70 5C F3 00 0F 00 00 00 00 00 00 00 00 00 00 
00 00 04 00 03 16 00 06 00 4E 00 00 00 00 00 00 00 00 00 00 00 00 00 00 00 00 00 00 00 00 
00 00 03 00 04 16 00 06 00 00 0A 71 C6 6E 0A 73 3A 52 00 0F 00 00 00 00 00 00 00 00 00 00 
00 00 04 00 03 16 00 06 00 4F 00 00 00 00 00 00 00 00 00 00 00 00 00 00 00 00 00 00 00 00 
00 00 03 00 04 16 00 06 00 00 0A 74 B1 29 0A 76 25 C9 00 0F 00 00 00 00 00 00 00 00 00 00 
00 00 04 00 03 16 00 06 00 50 00 00 00 00 00 00 00 00 00 00 00 00 00 00 00 00 00 00 00 00 
00 00 03 00 04 16 00 06 00 00 0A 77 9E A4 0A 79 20 4A 00 0E 00 00 00 00 00 00 00 00 00 00 
00 00 04 00 03 16 00 06 00 51 00 00 00 00 00 00 00 00 00 00 00 00 00 00 00 00 00 00 00 00 
00 00 03 00 04 16 00 06 00 00 0A 7A 8E 51 0A 7C 10 D5 00 0F 00 00 00 00 00 00 00 00 00 00 
00 00 04 00 03 16 00 06 00 52 00 00 00 00 00 00 00 00 00 00 00 00 00 00 00 00 00 00 00 00 
00 00 03 00 04 16 00 06 00 00 0A 7D 7D 63 0A 7E F2 88 00 0E 00 00 00 00 00 00 00 00 00 00 
00 00 04 00 03 16 00 06 00 53 00 00 00 00 00 00 00 00 00 00 00 00 00 00 00 00 00 00 00 00 
00 00 03 00 04 16 00 06 00 00 0A 80 5F 30 0A 81 E0 DC 00 0E 00 00 00 00 00 00 00 00 00 00 
00 00 04 00 03 16 00 06 00 54 00 00 00 00 00 00 00 00 00 00 00 00 00 00 00 00 00 00 00 00 
00 00 03 00 04 16 00 06 00 00 0A 83 56 84 0A 84 CE 15 00 0F 00 00 00 00 00 00 00 00 00 00 
00 00 04 00 03 16 00 06 00 55 00 00 00 00 00 00 00 00 00 00 00 00 00 00 00 00 00 00 00 00 
00 00 03 00 04 16 00 06 00 00 0A 86 4F 02 0A 87 C3 4A 00 0E 00 00 00 00 00 00 00 00 00 00 
00 00 04 00 03 16 00 06 00 56 00 00 00 00 00 00 00 00 00 00 00 00 00 00 00 00 00 00 00 00 
00 00 03 00 04 16 00 06 00 00 0A 89 37 38 0A 8A B4 CC 00 0F 00 00 00 00 00 00 00 00 00 00 
00 00 04 00 03 16 00 06 00 57 00 00 00 00 00 00 00 00 00 00 00 00 00 00 00 00 00 00 00 00 
00 00 03 00 04 16 00 06 00 00 0A 8C 37 B0 0A 8D 9E 6F 00 0F 00 00 00 00 00 00 00 00 00 00 
00 00 04 00 03 16 00 06 00 58 00 00 00 00 00 00 00 00 00 00 00 00 00 00 00 00 00 00 00 00 
00 00 03 00 04 16 00 06 00 00 0A 8F 0A 08 0A 90 7E D7 00 0E 00 00 00 00 00 00 00 00 00 00 
00 00 04 00 03 16 00 06 00 59 00 00 00 00 00 00 00 00 00 00 00 00 00 00 00 00 00 00 00 00 
00 00 03 00 04 16 00 06 00 00 0A 91 FB 84 0A 93 7E 20 00 0F 00 00 00 00 00 00 00 00 00 00 
00 00 04 00 03 16 00 06 00 5A 00 00 00 00 00 00 00 00 00 00 00 00 00 00 00 00 00 00 00 00 
00 00 03 00 04 16 00 06 00 00 0A 94 EE CB 0A 96 6D 12 00 0E 00 00 00 00 00 00 00 00 00 00 
00 00 04 00 03 16 00 06 00 5B 00 00 00 00 00 00 00 00 00 00 00 00 00 00 00 00 00 00 00 00 
00 00 03 00 04 16 00 06 00 00 0A 97 EE B7 0A 99 5F BA 00 0F 00 00 00 00 00 00 00 00 00 00 
00 00 04 00 03 16 00 06 00 5C 00 00 00 00 00 00 00 00 00 00 00 00 00 00 00 00 00 00 00 00 
00 00 03 00 04 16 00 06 00 00 0A 9A DC E9 0A 9C 55 BD 00 0E 00 00 00 00 00 00 00 00 00 00 
00 00 04 00 03 16 00 06 00 5D 00 00 00 00 00 00 00 00 00 00 00 00 00 00 00 00 00 00 00 00 
00 00 03 00 04 16 00 06 00 00 0A 9D CF 65 0A 9F 57 F0 00 0F 00 00 00 00 00 00 00 00 00 00 
00 00 04 00 03 16 00 06 00 5E 00 00 00 00 00 00 00 00 00 00 00 00 00 00 00 00 00 00 00 00 
00 00 03 00 04 16 00 06 00 00 0A A0 CE 59 0A A2 51 E4 00 0F 00 00 00 00 00 00 00 00 00 00 
00 00 04 00 03 16 00 06 00 5F 00 00 00 00 00 00 00 00 00 00 00 00 00 00 00 00 00 00 00 00 
00 00 03 00 04 16 00 06 00 00 0A A3 C7 8C 0A A5 31 C5 00 0F 00 00 00 00 00 00 00 00 00 00 
00 00 04 00 03 16 00 06 00 60 00 00 00 00 00 00 00 00 00 00 00 00 00 00 00 00 00 00 00 00 
00 00 03 00 04 16 00 06 00 00 0A A6 A5 B6 0A A8 1E E0 00 0F 00 00 00 00 00 00 00 00 00 00 
00 00 04 00 03 16 00 06 00 61 00 00 00 00 00 00 00 00 00 00 00 00 00 00 00 00 00 00 00 00 
00 00 03 00 04 16 00 06 00 00 0A A9 95 99 0A AB 18 37 00 0F 00 00 00 00 00 00 00 00 00 00 
00 00 04 00 03 16 00 06 00 62 00 00 00 00 00 00 00 00 00 00 00 00 00 00 00 00 00 00 00 00 
00 00 03 00 04 16 00 06 00 00 0A AC 86 58 0A AD FC 98 00 0F 00 00 00 00 00 00 00 00 00 00 
00 00 04 00 03 16 00 06 00 63 00 00 00 00 00 00 00 00 00 00 00 00 00 00 00 00 00 00 00 00 
00 00 03 00 04 16 00 06 00 00 0A AF 7D DA 0A B1 01 85 00 0E 00 00 00 00 00 00 00 00 00 00 
00 00 01 00 03 16 00 06 00 00 00 0E C7 E3 09 8F 5B 1F 00 0E 00 00 00 00 00 00 00 00 00 00 
00 00 01 00 03 16 00 06 00 01 00 11 9B 82 09 92 2E BD 00 0E 00 00 00 00 00 00 00 00 00 00 
00 00 01 00 03 16 00 06 00 02 00 14 7E BC 09 95 11 F7 00 0F 00 00 00 00 00 00 00 00 00 00 
00 00 01 00 03 16 00 06 00 03 00 17 4C 7A 09 97 DF B4 00 0F 00 00 00 00 00 00 00 00 00 00 
00 00 01 00 03 16 00 06 00 04 00 1A 3E 7E 09 9A D1 B8 00 0F 00 00 00 00 00 00 00 00 00 00 
00 00 01 00 03 16 00 06 00 05 00 1D 2D 4C 09 9D C0 85 00 0E 00 00 00 00 00 00 00 00 00 00 
00 00 01 00 03 16 00 06 00 06 00 20 21 13 09 A0 B4 4C 00 0E 00 00 00 00 00 00 00 00 00 00 
00 00 01 00 03 16 00 06 00 07 00 23 25 25 09 A3 B8 5C 00 0E 00 00 00 00 00 00 00 00 00 00 
00 00 01 00 03 16 00 06 00 08 00 26 0C C2 09 A6 9F F9 00 0E 00 00 00 00 00 00 00 00 00 00 
00 00 01 00 03 16 00 06 00 09 00 28 F1 E0 09 A9 85 17 00 0F 00 00 00 00 00 00 00 00 00 00 
00 00 01 00 03 16 00 06 00 0A 00 2B E5 89 09 AC 78 C0 00 0E 00 00 00 00 00 00 00 00 00 00 
00 00 01 00 03 16 00 06 00 0B 00 2E E3 41 09 AF 76 77 00 0E 00 00 00 00 00 00 00 00 00 00 
00 00 01 00 03 16 00 06 00 0C 00 31 CC CD 09 B2 60 02 00 0F 00 00 00 00 00 00 00 00 00 00 
00 00 01 00 03 16 00 06 00 0D 00 34 A4 F8 09 B5 38 2C 00 0F 00 00 00 00 00 00 00 00 00 00 
00 00 01 00 03 16 00 06 00 0E 00 37 8C 81 09 B8 1F B4 00 0E 00 00 00 00 00 00 00 00 00 00 
00 00 01 00 03 16 00 06 00 0F 00 3A 67 D0 09 BA FB 03 00 0E 00 00 00 00 00 00 00 00 00 00 
00 00 01 00 03 16 00 06 00 10 00 3D 3E A8 09 BD D1 DB 00 0E 00 00 00 00 00 00 00 00 00 00 
00 00 01 00 03 16 00 06 00 11 00 40 2B D2 09 C0 BF 05 00 0E 00 00 00 00 00 00 00 00 00 00 
00 00 01 00 03 16 00 06 00 12 00 43 19 7A 09 C3 AC AB 00 0E 00 00 00 00 00 00 00 00 00 00 
00 00 01 00 03 16 00 06 00 13 00 46 14 0E 09 C6 A7 3F 00 0E 00 00 00 00 00 00 00 00 00 00 
00 00 01 00 03 16 00 06 00 14 00 48 FE C6 09 C9 91 F7 00 0F 00 00 00 00 00 00 00 00 00 00 
00 00 01 00 03 16 00 06 00 15 00 4B D7 B0 09 CC 6A E0 00 0E 00 00 00 00 00 00 00 00 00 00 
00 00 01 00 03 16 00 06 00 16 00 4E D1 55 09 CF 64 84 00 0E 00 00 00 00 00 00 00 00 00 00 
00 00 01 00 03 16 00 06 00 17 00 51 B2 23 09 D2 45 51 00 0E 00 00 00 00 00 00 00 00 00 00 
00 00 01 00 03 16 00 06 00 18 00 54 A0 B9 09 D5 33 E7 00 0F 00 00 00 00 00 00 00 00 00 00 
00 00 01 00 03 16 00 06 00 19 00 57 8A 8A 09 D8 1D B7 00 0E 00 00 00 00 00 00 00 00 00 00 
00 00 01 00 03 16 00 06 00 1A 00 5A 66 9D 09 DA F9 CA 00 0E 00 00 00 00 00 00 00 00 00 00 
00 00 01 00 03 16 00 06 00 1B 00 5D 3A A9 09 DD CD D6 00 0F 00 00 00 00 00 00 00 00 00 00 
00 00 01 00 03 16 00 06 00 1C 00 60 2E 27 09 E0 C1 53 00 0F 00 00 00 00 00 00 00 00 00 00 
00 00 01 00 03 16 00 06 00 1D 00 63 1A 43 09 E3 AD 6E 00 0F 00 00 00 00 00 00 00 00 00 00 
00 00 01 00 03 16 00 06 00 1E 00 65 FD C7 09 E6 90 F2 00 0F 00 00 00 00 00 00 00 00 00 00 
00 00 01 00 03 16 00 06 00 1F 00 68 DE 44 09 E9 71 6E 00 0E 00 00 00 00 00 00 00 00 00 00 
00 00 01 00 03 16 00 06 00 20 00 6B EA E9 09 EC 7E 12 00 0E 00 00 00 00 00 00 00 00 00 00 
00 00 01 00 03 16 00 06 00 21 00 6E EA 26 09 EF 7D 4E 00 0F 00 00 00 00 00 00 00 00 00 00 
00 00 01 00 03 16 00 06 00 22 00 71 DB 3F 09 F2 6E 68 00 0E 00 00 00 00 00 00 00 00 00 00 
00 00 01 00 03 16 00 06 00 23 00 74 B8 A4 09 F5 4B CC 00 0F 00 00 00 00 00 00 00 00 00 00 
00 00 01 00 03 16 00 06 00 24 00 77 A8 33 09 F8 3B 5A 00 0F 00 00 00 00 00 00 00 00 00 00 
00 00 01 00 03 16 00 06 00 25 00 7A 94 9C 09 FB 27 C3 00 0F 00 00 00 00 00 00 00 00 00 00 
00 00 01 00 03 16 00 06 00 26 00 7D 91 00 09 FE 24 27 00 0E 00 00 00 00 00 00 00 00 00 00 
00 00 01 00 03 16 00 06 00 27 00 80 7E C6 0A 01 11 EB 00 0E 00 00 00 00 00 00 00 00 00 00 
00 00 01 00 03 16 00 06 00 28 00 83 68 18 0A 03 FB 3C 00 0E 00 00 00 00 00 00 00 00 00 00 
00 00 01 00 03 16 00 06 00 29 00 86 58 9E 0A 06 EB C2 00 0E 00 00 00 00 00 00 00 00 00 00 
00 00 01 00 03 16 00 06 00 2A 00 89 4A F9 0A 09 DE 1C 00 0E 00 00 00 00 00 00 00 00 00 00 
00 00 01 00 03 16 00 06 00 2B 00 8C 40 67 0A 0C D3 8A 00 0F 00 00 00 00 00 00 00 00 00 00 
00 00 01 00 03 16 00 06 00 2C 00 8F 2E 35 0A 0F C1 58 00 0F 00 00 00 00 00 00 00 00 00 00 
00 00 01 00 03 16 00 06 00 2D 00 92 1B 3E 0A 12 AE 60 00 0E 00 00 00 00 00 00 00 00 00 00 
00 00 01 00 03 16 00 06 00 2E 00 95 18 BE 0A 15 AB DF 00 0F 00 00 00 00 00 00 00 00 00 00 
00 00 01 00 03 16 00 06 00 2F 00 97 FA 7E 0A 18 8D 9F 00 0F 00 00 00 00 00 00 00 00 00 00 
00 00 01 00 03 16 00 06 00 30 00 9A DC D1 0A 1B 6F F1 00 0F 00 00 00 00 00 00 00 00 00 00 
00 00 01 00 03 16 00 06 00 31 00 9D E2 C6 0A 1E 75 E5 00 0F 00 00 00 00 00 00 00 00 00 00 
00 00 01 00 03 16 00 06 00 32 00 A0 D2 01 0A 21 65 20 00 0E 00 00 00 00 00 00 00 00 00 00 
00 00 01 00 03 16 00 06 00 33 00 A3 B6 71 0A 24 49 8F 00 0E 00 00 00 00 00 00 00 00 00 00 
00 00 01 00 03 16 00 06 00 34 00 A6 B6 3F 0A 27 49 5D 00 0E 00 00 00 00 00 00 00 00 00 00 
00 00 01 00 03 16 00 06 00 35 00 A9 8B 9F 0A 2A 1E BC 00 0E 00 00 00 00 00 00 00 00 00 00 
00 00 01 00 03 16 00 06 00 36 00 AC 80 E6 0A 2D 14 02 00 0F 00 00 00 00 00 00 00 00 00 00 
00 00 01 00 03 16 00 06 00 37 00 AF 59 B4 0A 2F EC D0 00 0E 00 00 00 00 00 00 00 00 00 00 
00 00 01 00 03 16 00 06 00 38 00 B2 4F 20 0A 32 E2 3A 00 0E 00 00 00 00 00 00 00 00 00 00 
00 00 01 00 03 16 00 06 00 39 00 B5 54 8F 0A 35 E7 AA 00 0E 00 00 00 00 00 00 00 00 00 00 
00 00 01 00 03 16 00 06 00 3A 00 B8 2E 15 0A 38 C1 2F 00 0E 00 00 00 00 00 00 00 00 00 00 
00 00 01 00 03 16 00 06 00 3B 00 BB 04 55 0A 3B 97 6F 00 0E 00 00 00 00 00 00 00 00 00 00 
00 00 01 00 03 16 00 06 00 3C 00 BD EC 9A 0A 3E 7F B2 00 0F 00 00 00 00 00 00 00 00 00 00 
00 00 01 00 03 16 00 06 00 3D 00 C0 E0 92 0A 41 73 AA 00 0E 00 00 00 00 00 00 00 00 00 00 
00 00 01 00 03 16 00 06 00 3E 00 C3 E4 EB 0A 44 78 03 00 0E 00 00 00 00 00 00 00 00 00 00 
00 00 01 00 03 16 00 06 00 3F 00 C6 B8 BD 0A 47 4B D4 00 0E 00 00 00 00 00 00 00 00 00 00 
00 00 01 00 03 16 00 06 00 40 00 C9 AA 75 0A 4A 3D 8B 00 0F 00 00 00 00 00 00 00 00 00 00 
00 00 01 00 03 16 00 06 00 41 00 CC 8F 16 0A 4D 22 2C 00 0E 00 00 00 00 00 00 00 00 00 00 
00 00 01 00 03 16 00 06 00 42 00 CF 77 6E 0A 50 0A 84 00 0E 00 00 00 00 00 00 00 00 00 00 
00 00 01 00 03 16 00 06 00 43 00 D2 5D 2A 0A 52 F0 3E 00 0F 00 00 00 00 00 00 00 00 00 00 
00 00 01 00 03 16 00 06 00 44 00 D5 67 0E 0A 55 FA 22 00 0E 00 00 00 00 00 00 00 00 00 00 
00 00 01 00 03 16 00 06 00 45 00 D8 64 2A 0A 58 F7 3D 00 0F 00 00 00 00 00 00 00 00 00 00 
00 00 01 00 03 16 00 06 00 46 00 DB 5B 45 0A 5B EE 58 00 0E 00 00 00 00 00 00 00 00 00 00 
00 00 01 00 03 16 00 06 00 47 00 DE 54 46 0A 5E E7 58 00 0F 00 00 00 00 00 00 00 00 00 00 
00 00 01 00 03 16 00 06 00 48 00 E1 25 94 0A 61 B8 A6 00 0F 00 00 00 00 00 00 00 00 00 00 
00 00 01 00 03 16 00 06 00 49 00 E4 0E 4D 0A 64 A1 5E 00 0E 00 00 00 00 00 00 00 00 00 00 
00 00 01 00 03 16 00 06 00 4A 00 E6 FC 32 0A 67 8F 42 00 0E 00 00 00 00 00 00 00 00 00 00 
00 00 01 00 03 16 00 06 00 4B 00 E9 D5 FE 0A 6A 69 0D 00 0F 00 00 00 00 00 00 00 00 00 00 
00 00 01 00 03 16 00 06 00 4C 00 EC C2 2C 0A 6D 55 3B 00 0F 00 00 00 00 00 00 00 00 00 00 
00 00 01 00 03 16 00 06 00 4D 00 EF C9 E4 0A 70 5C F3 00 0F 00 00 00 00 00 00 00 00 00 00 
00 00 01 00 03 16 00 06 00 4E 00 F2 A7 44 0A 73 3A 52 00 0F 00 00 00 00 00 00 00 00 00 00 
00 00 01 00 03 16 00 06 00 4F 00 F5 92 BB 0A 76 25 C9 00 0F 00 00 00 00 00 00 00 00 00 00 
00 00 01 00 03 16 00 06 00 50 00 F8 8D 3D 0A 79 20 4A 00 0E 00 00 00 00 00 00 00 00 00 00 
00 00 01 00 03 16 00 06 00 51 00 FB 7D CA 0A 7C 10 D5 00 0F 00 00 00 00 00 00 00 00 00 00 
00 00 01 00 03 16 00 06 00 52 00 FE 5F 7D 0A 7E F2 88 00 0E 00 00 00 00 00 00 00 00 00 00 
00 00 01 00 03 16 00 06 00 53 01 01 4D D1 0A 81 E0 DC 00 0E 00 00 00 00 00 00 00 00 00 00 
00 00 01 00 03 16 00 06 00 54 01 04 3B 0A 0A 84 CE 15 00 0F 00 00 00 00 00 00 00 00 00 00 
00 00 01 00 03 16 00 06 00 55 01 07 30 40 0A 87 C3 4A 00 0E 00 00 00 00 00 00 00 00 00 00 
00 00 01 00 03 16 00 06 00 56 01 0A 21 C3 0A 8A B4 CC 00 0F 00 00 00 00 00 00 00 00 00 00 
00 00 01 00 03 16 00 06 00 57 01 0D 0B 66 0A 8D 9E 6F 00 0F 00 00 00 00 00 00 00 00 00 00 
00 00 01 00 03 16 00 06 00 58 01 0F EB CF 0A 90 7E D7 00 0E 00 00 00 00 00 00 00 00 00 00 
00 00 01 00 03 16 00 06 00 59 01 12 EB 19 0A 93 7E 20 00 0F 00 00 00 00 00 00 00 00 00 00 
00 00 01 00 03 16 00 06 00 5A 01 15 DA 0B 0A 96 6D 12 00 0E 00 00 00 00 00 00 00 00 00 00 
00 00 01 00 03 16 00 06 00 5B 01 18 CC B3 0A 99 5F BA 00 0F 00 00 00 00 00 00 00 00 00 00 
00 00 01 00 03 16 00 06 00 5C 01 1B C2 B8 0A 9C 55 BD 00 0E 00 00 00 00 00 00 00 00 00 00 
00 00 01 00 03 16 00 06 00 5D 01 1E C4 EB 0A 9F 57 F0 00 0F 00 00 00 00 00 00 00 00 00 00 
00 00 01 00 03 16 00 06 00 5E 01 21 BE DF 0A A2 51 E4 00 0F 00 00 00 00 00 00 00 00 00 00 
00 00 01 00 03 16 00 06 00 5F 01 24 9E C2 0A A5 31 C5 00 0F 00 00 00 00 00 00 00 00 00 00 
00 00 01 00 03 16 00 06 00 60 01 27 8B DD 0A A8 1E E0 00 0F 00 00 00 00 00 00 00 00 00 00 
00 00 01 00 03 16 00 06 00 61 01 2A 85 35 0A AB 18 37 00 0F 00 00 00 00 00 00 00 00 00 00 
00 00 01 00 03 16 00 06 00 62 01 2D 69 96 0A AD FC 98 00 0F 00 00 00 00 00 00 00 00 00 00 
00 00 01 00 03 16 00 06 00 63 01 30 6E 84 0A B1 01 85 00 0E 00 00 00 00 00 00 00 00 00 00 
00 00 01 00 03 16 00 06 00 64 09 90 C0 1A 00 10 2C DC 00 0D 00 00 00 00 00 00 00 00 00 00 
00 00 01 00 03 16 00 06 00 65 09 93 95 46 00 13 02 09 00 0E 00 00 00 00 00 00 00 00 00 00 
00 00 01 00 03 16 00 06 00 66 09 96 79 D4 00 15 E6 97 00 0D 00 00 00 00 00 00 00 00 00 00 
00 00 01 00 03 16 00 06 00 67 09 99 5C F7 00 18 C9 BC 00 0E 00 00 00 00 00 00 00 00 00 00 
00 00 01 00 03 16 00 06 00 68 09 9C 51 3C 00 1B BE 01 00 0D 00 00 00 00 00 00 00 00 00 00 
00 00 01 00 03 16 00 06 00 69 09 9F 2B C5 00 1E 98 8A 00 0D 00 00 00 00 00 00 00 00 00 00 
00 00 01 00 03 16 00 06 00 6A 09 A2 3B 3F 00 21 A8 05 00 0E 00 00 00 00 00 00 00 00 00 00 
00 00 01 00 03 16 00 06 00 6B 09 A5 36 45 00 24 A3 0C 00 0E 00 00 00 00 00 00 00 00 00 00 
00 00 01 00 03 16 00 06 00 6C 09 A8 12 C9 00 27 7F 90 00 0D 00 00 00 00 00 00 00 00 00 00 
00 00 01 00 03 16 00 06 00 6D 09 AB 00 7E 00 2A 6D 46 00 0D 00 00 00 00 00 00 00 00 00 00 
00 00 01 00 03 16 00 06 00 6E 09 AD F3 F0 00 2D 60 B8 00 0E 00 00 00 00 00 00 00 00 00 00 
00 00 01 00 03 16 00 06 00 6F 09 B0 DD F2 00 30 4A BB 00 0D 00 00 00 00 00 00 00 00 00 00 
00 00 01 00 03 16 00 06 00 70 09 B3 D0 56 00 33 3D 1F 00 0D 00 00 00 00 00 00 00 00 00 00 
00 00 01 00 03 16 00 06 00 71 09 B6 B3 8F 00 36 20 59 00 0D 00 00 00 00 00 00 00 00 00 00 
00 00 01 00 03 16 00 06 00 72 09 B9 88 24 00 38 F4 EF 00 0D 00 00 00 00 00 00 00 00 00 00 
00 00 01 00 03 16 00 06 00 73 09 BC 63 4D 00 3B D0 18 00 0D 00 00 00 00 00 00 00 00 00 00 
00 00 01 00 03 16 00 06 00 74 09 BF 4B C2 00 3E B8 8D 00 0D 00 00 00 00 00 00 00 00 00 00 
00 00 01 00 03 16 00 06 00 75 09 C2 41 C6 00 41 AE 93 00 0D 00 00 00 00 00 00 00 00 00 00 
00 00 01 00 03 16 00 06 00 76 09 C5 32 E2 00 44 9F AF 00 0D 00 00 00 00 00 00 00 00 00 00 
00 00 01 00 03 16 00 06 00 77 09 C8 2B B1 00 47 98 7E 00 0E 00 00 00 00 00 00 00 00 00 00 
00 00 01 00 03 16 00 06 00 78 09 CA FC BB 00 4A 69 89 00 0D 00 00 00 00 00 00 00 00 00 00 
00 00 01 00 03 16 00 06 00 79 09 CD E1 BC 00 4D 4E 8B 00 0D 00 00 00 00 00 00 00 00 00 00 
00 00 01 00 03 16 00 06 00 7A 09 D0 CD 2A 00 50 39 F9 00 0D 00 00 00 00 00 00 00 00 00 00 
00 00 01 00 03 16 00 06 00 7B 09 D3 C3 97 00 53 30 68 00 0D 00 00 00 00 00 00 00 00 00 00 
00 00 01 00 03 16 00 06 00 7C 09 D6 9F FE 00 56 0C CF 00 0D 00 00 00 00 00 00 00 00 00 00 
00 00 01 00 03 16 00 06 00 7D 09 D9 86 A0 00 58 F3 71 00 0E 00 00 00 00 00 00 00 00 00 00 
00 00 01 00 03 16 00 06 00 7E 09 DC 63 06 00 5B CF D8 00 0E 00 00 00 00 00 00 00 00 00 00 
00 00 01 00 03 16 00 06 00 7F 09 DF 50 86 00 5E BD 59 00 0D 00 00 00 00 00 00 00 00 00 00 
00 00 01 00 03 16 00 06 00 80 09 E2 3D BD 00 61 AA 90 00 0D 00 00 00 00 00 00 00 00 00 00 
00 00 01 00 03 16 00 06 00 81 09 E5 20 39 00 64 8D 0C 00 0D 00 00 00 00 00 00 00 00 00 00 
00 00 01 00 03 16 00 06 00 82 09 E8 09 0B 00 67 75 DF 00 0D 00 00 00 00 00 00 00 00 00 00 
00 00 01 00 03 16 00 06 00 83 09 EA F7 85 00 6A 64 5A 00 0D 00 00 00 00 00 00 00 00 00 00 
00 00 01 00 03 16 00 06 00 84 09 ED FF 1B 00 6D 6B F1 00 0D 00 00 00 00 00 00 00 00 00 00 
00 00 01 00 03 16 00 06 00 85 09 F0 E6 E4 00 70 53 BA 00 0E 00 00 00 00 00 00 00 00 00 00 
00 00 01 00 03 16 00 06 00 86 09 F3 DD 09 00 73 49 E0 00 0E 00 00 00 00 00 00 00 00 00 00 
00 00 01 00 03 16 00 06 00 87 09 F6 CA 55 00 76 37 2C 00 0D 00 00 00 00 00 00 00 00 00 00 
00 00 01 00 03 16 00 06 00 88 09 F9 B0 B9 00 79 1D 91 00 0D 00 00 00 00 00 00 00 00 00 00 
00 00 01 00 03 16 00 06 00 89 09 FC A4 4A 00 7C 11 22 00 0D 00 00 00 00 00 00 00 00 00 00 
00 00 01 00 03 16 00 06 00 8A 09 FF 8D 85 00 7E FA 5E 00 0D 00 00 00 00 00 00 00 00 00 00 
00 00 01 00 03 16 00 06 00 8B 0A 02 78 7B 00 81 E5 55 00 0D 00 00 00 00 00 00 00 00 00 00 
00 00 01 00 03 16 00 06 00 8C 0A 05 76 88 00 84 E3 62 00 0D 00 00 00 00 00 00 00 00 00 00 
00 00 01 00 03 16 00 06 00 8D 0A 08 54 1D 00 87 C0 F8 00 0D 00 00 00 00 00 00 00 00 00 00 
00 00 01 00 03 16 00 06 00 8E 0A 0B 4E 74 00 8A BB 4F 00 0D 00 00 00 00 00 00 00 00 00 00 
00 00 01 00 03 16 00 06 00 8F 0A 0E 57 BB 00 8D C4 97 00 0D 00 00 00 00 00 00 00 00 00 00 
00 00 01 00 03 16 00 06 00 90 0A 11 48 4F 00 90 B5 2C 00 0E 00 00 00 00 00 00 00 00 00 00 
00 00 01 00 03 16 00 06 00 91 0A 14 30 FB 00 93 9D D8 00 0E 00 00 00 00 00 00 00 00 00 00 
00 00 01 00 03 16 00 06 00 92 0A 17 15 89 00 96 82 66 00 0D 00 00 00 00 00 00 00 00 00 00 
00 00 01 00 03 16 00 06 00 93 0A 19 FB E4 00 99 68 C2 00 0E 00 00 00 00 00 00 00 00 00 00 
00 00 01 00 03 16 00 06 00 94 0A 1C F8 C4 00 9C 65 A3 00 0D 00 00 00 00 00 00 00 00 00 00 
00 00 01 00 03 16 00 06 00 95 0A 1F F5 C2 00 9F 62 A2 00 0D 00 00 00 00 00 00 00 00 00 00 
00 00 01 00 03 16 00 06 00 96 0A 22 E1 EE 00 A2 4E CD 00 0D 00 00 00 00 00 00 00 00 00 00 
00 00 01 00 03 16 00 06 00 97 0A 25 C4 20 00 A5 31 01 00 0E 00 00 00 00 00 00 00 00 00 00 
00 00 01 00 03 16 00 06 00 98 0A 28 B3 DC 00 A8 20 BE 00 0D 00 00 00 00 00 00 00 00 00 00 
00 00 01 00 03 16 00 06 00 99 0A 2B A4 D4 00 AB 11 B6 00 0D 00 00 00 00 00 00 00 00 00 00 
00 00 01 00 03 16 00 06 00 9A 0A 2E 82 89 00 AD EF 6B 00 0D 00 00 00 00 00 00 00 00 00 00 
00 00 01 00 03 16 00 06 00 9B 0A 31 76 FD 00 B0 E3 E1 00 0D 00 00 00 00 00 00 00 00 00 00 
00 00 01 00 03 16 00 06 00 9C 0A 34 66 DF 00 B3 D3 C2 00 0D 00 00 00 00 00 00 00 00 00 00 
00 00 01 00 03 16 00 06 00 9D 0A 37 4F 75 00 B6 BC 59 00 0E 00 00 00 00 00 00 00 00 00 00 
00 00 01 00 03 16 00 06 00 9E 0A 3A 2A 4D 00 B9 97 31 00 0D 00 00 00 00 00 00 00 00 00 00 
00 00 01 00 03 16 00 06 00 9F 0A 3D 16 09 00 BC 82 EE 00 0E 00 00 00 00 00 00 00 00 00 00 
00 00 01 00 03 16 00 06 00 A0 0A 3F EC 48 00 BF 59 2E 00 0E 00 00 00 00 00 00 00 00 00 00 
00 00 01 00 03 16 00 06 00 A1 0A 42 EF EE 00 C2 5C D5 00 0D 00 00 00 00 00 00 00 00 00 00 
00 00 01 00 03 16 00 06 00 A2 0A 45 E4 84 00 C5 51 6B 00 0D 00 00 00 00 00 00 00 00 00 00 
00 00 01 00 03 16 00 06 00 A3 0A 48 D3 F2 00 C8 40 DA 00 0D 00 00 00 00 00 00 00 00 00 00 
00 00 01 00 03 16 00 06 00 A4 0A 4B B8 DE 00 CB 25 C6 00 0D 00 00 00 00 00 00 00 00 00 00 
00 00 01 00 03 16 00 06 00 A5 0A 4E 8D B6 00 CD FA 9F 00 0D 00 00 00 00 00 00 00 00 00 00 
00 00 01 00 03 16 00 06 00 A6 0A 51 70 DA 00 D0 DD C4 00 0D 00 00 00 00 00 00 00 00 00 00 
00 00 01 00 03 16 00 06 00 A7 0A 54 74 56 00 D3 E1 40 00 0E 00 00 00 00 00 00 00 00 00 00 
00 00 01 00 03 16 00 06 00 A8 0A 57 7E 4C 00 D6 EB 36 00 0D 00 00 00 00 00 00 00 00 00 00 
00 00 01 00 03 16 00 06 00 A9 0A 5A 81 3B 00 D9 EE 26 00 0E 00 00 00 00 00 00 00 00 00 00 
00 00 01 00 03 16 00 06 00 AA 0A 5D 62 23 00 DC CF 0F 00 0D 00 00 00 00 00 00 00 00 00 00 
00 00 01 00 03 16 00 06 00 AB 0A 60 50 AA 00 DF BD 96 00 0D 00 00 00 00 00 00 00 00 00 00 
00 00 01 00 03 16 00 06 00 AC 0A 63 21 41 00 E2 8E 2E 00 0D 00 00 00 00 00 00 00 00 00 00 
00 00 01 00 03 16 00 06 00 AD 0A 66 1C 82 00 E5 89 70 00 0D 00 00 00 00 00 00 00 00 00 00 
00 00 01 00 03 16 00 06 00 AE 0A 68 F7 AE 00 E8 64 9C 00 0E 00 00 00 00 00 00 00 00 00 00 
00 00 01 00 03 16 00 06 00 AF 0A 6B ED 5C 00 EB 5A 4B 00 0D 00 00 00 00 00 00 00 00 00 00 
00 00 01 00 03 16 00 06 00 B0 0A 6E D7 FF 00 EE 44 EF 00 0D 00 00 00 00 00 00 00 00 00 00 
00 00 01 00 03 16 00 06 00 B1 0A 71 C6 6E 00 F1 33 5E 00 0E 00 00 00 00 00 00 00 00 00 00 
00 00 01 00 03 16 00 06 00 B2 0A 74 B1 29 00 F4 1E 1A 00 0E 00 00 00 00 00 00 00 00 00 00 
00 00 01 00 03 16 00 06 00 B3 0A 77 9E A4 00 F7 0B 95 00 0E 00 00 00 00 00 00 00 00 00 00 
00 00 01 00 03 16 00 06 00 B4 0A 7A 8E 51 00 F9 FB 43 00 0E 00 00 00 00 00 00 00 00 00 00 
00 00 01 00 03 16 00 06 00 B5 0A 7D 7D 63 00 FC EA 55 00 0E 00 00 00 00 00 00 00 00 00 00 
00 00 01 00 03 16 00 06 00 B6 0A 80 5F 30 00 FF CC 23 00 0D 00 00 00 00 00 00 00 00 00 00 
00 00 01 00 03 16 00 06 00 B7 0A 83 56 84 01 02 C3 78 00 0E 00 00 00 00 00 00 00 00 00 00 
00 00 01 00 03 16 00 06 00 B8 0A 86 4F 02 01 05 BB F7 00 0E 00 00 00 00 00 00 00 00 00 00 
00 00 01 00 03 16 00 06 00 B9 0A 89 37 38 01 08 A4 2C 00 0D 00 00 00 00 00 00 00 00 00 00 
00 00 01 00 03 16 00 06 00 BA 0A 8C 37 B0 01 0B A4 A5 00 0D 00 00 00 00 00 00 00 00 00 00 
00 00 01 00 03 16 00 06 00 BB 0A 8F 0A 08 01 0E 76 FF 00 0E 00 00 00 00 00 00 00 00 00 00 
00 00 01 00 03 16 00 06 00 BC 0A 91 FB 84 01 11 68 7B 00 0D 00 00 00 00 00 00 00 00 00 00 
00 00 01 00 03 16 00 06 00 BD 0A 94 EE CB 01 14 5B C2 00 0E 00 00 00 00 00 00 00 00 00 00 
00 00 01 00 03 16 00 06 00 BE 0A 97 EE B7 01 17 5B AF 00 0E 00 00 00 00 00 00 00 00 00 00 
00 00 01 00 03 16 00 06 00 BF 0A 9A DC E9 01 1A 49 E2 00 0D 00 00 00 00 00 00 00 00 00 00 
00 00 01 00 03 16 00 06 00 C0 0A 9D CF 65 01 1D 3C 5E 00 0E 00 00 00 00 00 00 00 00 00 00 
00 00 01 00 03 16 00 06 00 C1 0A A0 CE 59 01 20 3B 52 00 0E 00 00 00 00 00 00 00 00 00 00 
00 00 01 00 03 16 00 06 00 C2 0A A3 C7 8C 01 23 34 87 00 0E 00 00 00 00 00 00 00 00 00 00 
00 00 01 00 03 16 00 06 00 C3 0A A6 A5 B6 01 26 12 B1 00 0E 00 00 00 00 00 00 00 00 00 00 
00 00 01 00 03 16 00 06 00 C4 0A A9 95 99 01 29 02 95 00 0D 00 00 00 00 00 00 00 00 00 00 
00 00 01 00 03 16 00 06 00 C5 0A AC 86 58 01 2B F3 55 00 0E 00 00 00 00 00 00 00 00 00 00 
00 00 01 00 03 16 00 06 00 C6 0A AF 7D DA 01 2E EA D7 00 0E 00 00 00 00 00 00 00 00 00 00 
00 00 01 00 03 16 00 06 00 C7 00 00 00 00 01 31 F0 D9 00 0D 00 00 00 00 00 00 00 00 00 00 
