0 1 13 14 1
1 0 13 14 1
2 0 13 14 1
3 2 13 14 1
4 2 13 14 1
5 1 13 14 1
6 2 13 14 1
7 2 13 14 1
8 0 13 14 1
9 0 13 14 1
10 2 13 14 1
11 2 13 14 1
12 1 13 14 1
13 2 13 14 1
14 3 13 14 1
15 1 13 14 1
16 1 13 14 1
17 3 13 14 1
18 1 13 14 1
19 1 13 14 1
20 2 13 14 1
21 2 13 14 1
22 1 13 14 1
23 2 13 14 1
24 2 13 14 1
25 0 13 14 1
26 1 13 14 1
27 2 13 14 1
28 2 13 14 1
29 1 13 14 1
30 2 12 14 1
31 1 13 14 1
32 0 13 14 1
33 2 13 14 1
34 2 13 14 1
35 0 13 14 1
36 1 13 14 1
37 2 13 14 1
38 1 13 14 1
39 0 13 14 1
40 2 12 14 1
41 2 13 14 1
42 0 13 14 1
43 1 13 14 1
44 2 13 14 1
45 1 13 14 1
46 1 13 14 1
47 2 13 14 1
48 1 13 14 1
49 1 13 14 1
50 1 13 14 1
51 2 12 14 1
52 1 13 14 1
53 1 12 14 1
54 1 13 14 1
55 1 13 14 1
56 1 13 14 1
57 2 12 14 1
58 2 13 14 1
59 1 13 14 1
60 2 13 14 1
61 2 13 14 1
62 1 13 14 1
63 2 13 14 1
64 2 13 14 1
65 1 12 14 1
66 1 13 14 1
67 2 13 14 1
68 1 13 14 1
69 2 13 14 1
70 1 13 14 1
71 2 13 14 1
72 0 13 14 1
73 2 13 14 1
74 1 13 14 1
75 1 13 14 1
76 2 13 14 1
77 2 13 14 1
78 2 13 14 1
79 1 13 14 1
80 2 13 14 1
81 0 13 14 1
82 1 13 14 1
83 1 13 14 1
84 3 13 14 1
85 0 13 14 1
86 1 13 14 1
87 1 13 14 1
88 1 13 14 1
89 2 13 14 1
90 1 13 14 1
91 1 13 14 1
92 0 13 14 1
93 3 13 14 1
94 2 13 14 1
95 1 13 14 1
96 2 13 14 1
97 1 13 14 1
98 2 13 14 1
0 2 12 14 2
1 0 12 13 2
2 2 12 12 2
3 1 12 13 2
4 1 12 13 2
5 1 12 13 2
6 2 12 13 2
7 0 12 13 2
8 1 12 13 2
9 2 12 13 2
10 1 12 13 2
11 1 12 13 2
12 1 12 13 2
13 0 12 13 2
14 3 12 13 2
15 2 12 13 2
16 0 12 13 2
17 0 12 12 2
18 1 12 13 2
19 1 12 13 2
20 0 12 13 2
21 1 12 13 2
22 2 12 13 2
23 0 12 13 2
24 2 12 13 2
25 2 12 13 2
26 1 12 13 2
27 2 12 13 2
28 2 12 13 2
29 0 12 13 2
30 1 12 13 2
31 1 12 13 2
32 1 12 13 2
33 1 12 13 2
34 1 12 13 2
35 0 12 13 2
36 1 12 13 2
37 2 12 13 2
38 3 12 13 2
39 0 12 13 2
40 2 12 13 2
41 1 12 13 2
42 1 12 13 2
43 2 12 13 2
44 2 12 13 2
45 0 12 13 2
46 2 12 13 2
47 2 12 13 2
48 1 12 13 2
49 2 12 13 2
50 2 12 13 2
51 1 12 12 2
52 2 12 13 2
53 2 12 13 2
54 1 12 13 2
55 1 12 13 2
56 1 12 13 2
57 1 12 13 2
58 1 12 13 2
59 2 12 13 2
60 1 12 13 2
61 1 12 13 2
62 2 12 13 2
63 2 12 13 2
64 1 12 13 2
65 1 12 13 2
66 2 12 13 2
67 1 12 13 2
68 2 12 13 2
69 1 12 13 2
70 2 12 13 2
71 2 12 13 2
72 1 12 13 2
73 1 12 13 2
74 0 12 13 2
75 2 12 13 2
76 2 12 13 2
77 1 12 13 2
78 2 12 13 2
79 0 12 13 2
80 0 12 13 2
81 1 12 13 2
82 1 12 13 2
83 1 12 13 2
84 2 12 13 2
85 1 12 13 2
86 0 12 13 2
87 2 12 13 2
88 1 12 13 2
89 1 12 13 2
90 1 12 13 2
91 1 12 13 2
92 1 12 13 2
93 2 12 13 2
94 1 12 13 2
95 0 12 13 2
96 2 12 13 2
97 2 12 13 2
98 1 12 13 2
0 2 9 10 3
1 1 10 11 3
2 1 9 10 3
3 1 9 10 3
4 3 9 10 3
5 0 10 10 3
6 2 9 10 3
7 2 9 10 3
8 2 9 10 3
9 2 9 10 3
10 1 9 10 3
11 0 9 11 3
12 2 9 10 3
13 1 10 10 3
14 0 9 10 3
15 2 10 10 3
16 1 9 11 3
17 1 9 10 3
18 2 9 10 3
19 2 10 10 3
20 0 10 11 3
21 2 9 11 3
22 2 9 10 3
23 1 9 10 3
24 2 9 10 3
25 2 9 10 3
26 1 10 11 3
27 2 9 11 3
28 2 9 10 3
29 1 10 11 3
30 2 10 10 3
31 2 9 10 3
32 1 10 11 3
33 1 10 10 3
34 1 10 10 3
35 1 10 10 3
36 1 10 10 3
37 2 9 10 3
38 1 9 10 3
39 1 9 10 3
40 2 9 10 3
41 1 10 10 3
42 2 10 10 3
43 2 9 11 3
44 0 10 10 3
45 2 10 10 3
46 2 9 10 3
47 1 9 10 3
48 1 9 10 3
49 2 9 10 3
50 0 10 10 3
51 1 9 10 3
52 2 9 10 3
53 1 9 11 3
54 1 9 10 3
55 1 9 10 3
56 1 9 10 3
57 0 9 10 3
58 2 9 11 3
59 0 10 10 3
60 1 10 10 3
61 2 9 10 3
62 1 10 10 3
63 0 10 10 3
64 2 9 10 3
65 1 10 11 3
66 1 10 10 3
67 2 10 10 3
68 1 10 11 3
69 0 10 11 3
70 2 10 11 3
71 2 10 11 3
72 1 9 10 3
73 2 10 10 3
74 2 9 11 3
75 0 10 10 3
76 0 9 11 3
77 1 9 10 3
78 1 9 10 3
79 1 9 10 3
80 2 9 10 3
81 2 10 11 3
82 0 9 10 3
83 1 9 10 3
84 0 10 10 3
85 1 9 10 3
86 3 10 10 3
87 1 10 11 3
88 1 10 10 3
89 2 9 10 3
90 1 9 10 3
91 1 10 10 3
92 2 10 10 3
93 0 10 11 3
94 1 9 10 3
95 1 9 10 3
96 1 9 10 3
97 1 9 10 3
98 1 9 10 3
0 1 6 7 4
1 2 7 7 4
2 2 5 6 4
3 1 6 6 4
4 2 6 4 4
5 1 6 6 4
6 0 5 7 4
7 1 5 4 4
8 1 2 7 4
9 1 4 2 4
10 2 4 1 4
11 2 3 5 4
12 1 4 4 4
13 2 6 5 4
14 2 3 5 4
15 1 5 5 4
16 2 3 6 4
17 1 6 6 4
18 0 5 5 4
19 2 4 5 4
20 1 6 6 4
21 1 4 6 4
22 2 5 5 4
23 1 5 6 4
24 0 5 6 4
25 2 5 6 4
26 2 4 6 4
27 1 5 6 4
28 1 5 6 4
29 2 5 6 4
30 0 5 6 4
31 1 5 6 4
32 3 4 5 4
33 1 4 5 4
34 2 4 5 4
35 2 5 5 4
36 1 4 6 4
37 2 5 5 4
38 1 5 6 4
39 1 5 6 4
40 2 5 6 4
41 1 4 6 4
42 1 5 6 4
43 1 2 5 4
44 1 5 3 4
45 1 6 7 4
46 2 4 6 4
47 1 5 6 4
48 1 4 6 4
49 2 4 5 4
50 2 5 6 4
51 0 4 6 4
52 2 4 4 4
53 2 4 4 4
54 1 3 0 4
55 2 4 3 4
56 2 4 6 4
57 1 4 4 4
58 1 4 6 4
59 2 2 4 4
60 1 1 6 4
61 0 4 7 4
62 1 5 6 4
63 0 1 5 4
64 1 4 4 4
65 1 4 5 4
66 0 4 5 4
67 1 3 6 4
68 2 2 3 4
69 1 2 2 4
70 2 4 3 4
71 2 3 6 4
72 1 4 4 4
73 2 5 5 4
74 3 3 2 4
75 1 4 4 4
76 0 4 2 4
77 2 3 3 4
78 1 3 3 4
79 2 3 4 4
80 1 4 4 4
81 1 3 4 4
82 1 2 3 4
83 2 2 1 4
84 0 0 3 4
85 1 4 4 4
86 1 4 5 4
87 0 3 4 4
88 0 3 4 4
89 1 4 2 4
90 1 3 5 4
91 1 3 3 4
92 2 1 2 4
93 1 3 1 4
94 2 4 4 4
95 2 0 2 4
96 1 2 0 4
97 2 3 3 4
98 1 4 1 4
0 1 8 8 5
1 2 7 8 5
2 1 8 7 5
3 2 8 8 5
4 1 8 8 5
5 1 7 8 5
6 1 7 8 5
7 2 8 8 5
8 1 8 8 5
9 2 7 8 5
10 1 7 8 5
11 0 7 9 5
12 2 7 8 5
13 1 8 9 5
14 1 7 8 5
15 2 8 8 5
16 1 8 8 5
17 3 8 8 5
18 1 7 8 5
19 0 8 8 5
20 2 7 8 5
21 2 8 8 5
22 1 8 8 5
23 2 8 8 5
24 2 7 8 5
25 1 7 8 5
26 2 8 8 5
27 2 7 8 5
28 2 7 8 5
29 1 8 8 5
30 2 8 8 5
31 2 8 8 5
32 1 8 8 5
33 0 8 8 5
34 2 7 8 5
35 1 8 8 5
36 1 7 8 5
37 2 8 8 5
38 2 7 8 5
39 1 8 8 5
40 2 7 8 5
41 1 8 8 5
42 1 7 8 5
43 2 7 8 5
44 1 8 8 5
45 1 8 8 5
46 1 7 8 5
47 1 7 8 5
48 2 8 8 5
49 3 7 8 5
50 1 7 8 5
51 2 7 8 5
52 2 7 8 5
53 1 7 8 5
54 2 7 8 5
55 2 7 8 5
56 1 8 8 5
57 2 8 8 5
58 2 7 8 5
59 2 7 8 5
60 1 7 8 5
61 2 8 8 5
62 0 8 8 5
63 2 8 8 5
64 2 8 8 5
65 0 8 8 5
66 2 7 8 5
67 2 7 8 5
68 1 7 8 5
69 2 8 8 5
70 0 8 8 5
71 1 7 8 5
72 2 7 8 5
73 0 8 8 5
74 0 8 8 5
75 2 8 8 5
76 0 8 8 5
77 2 8 8 5
78 1 7 8 5
79 1 8 8 5
80 1 7 8 5
81 2 7 8 5
82 1 7 8 5
83 2 7 8 5
84 2 7 8 5
85 1 7 8 5
86 2 8 8 5
87 1 7 8 5
88 2 8 8 5
89 1 7 8 5
90 1 8 8 5
91 1 8 8 5
92 1 7 8 5
93 1 7 8 5
94 2 7 8 5
95 2 8 8 5
96 1 8 8 5
97 2 8 8 5
98 2 8 8 5
1 2 7 7 6
2 1 7 7 6
6 2 7 7 6
8 1 7 8 6
9 2 7 8 6
10 1 7 8 6
11 2 7 8 6
12 1 7 8 6
13 1 6 8 6
14 1 7 8 6
15 3 6 8 6
16 0 7 8 6
17 2 7 6 6
18 2 7 8 6
19 1 7 8 6
20 2 7 8 6
21 2 7 7 6
22 0 7 8 6
23 1 7 8 6
24 2 7 8 6
25 1 7 8 6
26 2 7 7 6
27 2 7 8 6
28 1 7 8 6
29 2 7 8 6
30 2 7 8 6
31 1 7 8 6
32 2 7 7 6
33 2 6 7 6
34 1 7 8 6
35 2 6 8 6
36 1 7 8 6
37 1 7 8 6
38 2 7 8 6
39 1 7 8 6
40 1 7 8 6
41 1 7 8 6
42 0 7 8 6
43 2 7 8 6
44 2 7 8 6
45 0 7 8 6
46 1 7 8 6
47 1 7 8 6
48 1 7 8 6
49 2 6 8 6
50 2 7 8 6
51 1 7 7 6
52 1 7 8 6
53 3 6 7 6
54 1 7 8 6
55 2 7 8 6
56 2 7 7 6
57 0 7 8 6
58 2 7 8 6
59 1 7 8 6
60 0 7 8 6
61 2 6 7 6
62 0 6 7 6
63 1 7 8 6
64 2 6 7 6
65 3 6 8 6
66 0 7 7 6
67 2 7 8 6
68 2 7 8 6
69 1 6 7 6
70 1 6 7 6
71 0 7 8 6
72 1 7 8 6
73 1 7 8 6
74 1 7 8 6
75 1 7 8 6
76 1 7 8 6
77 0 7 8 6
78 0 7 7 6
79 1 7 8 6
80 0 7 8 6
81 1 7 8 6
82 1 7 8 6
83 0 7 8 6
84 2 7 8 6
85 2 7 7 6
86 0 7 8 6
87 2 8 8 6
88 2 7 8 6
89 1 8 8 6
90 2 7 8 6
91 2 7 7 6
92 0 6 8 6
93 2 7 8 6
94 1 6 8 6
95 1 7 8 6
96 2 8 8 6
97 0 7 8 6
0 1 8 10 10
1 3 8 9 10
2 2 8 9 10
3 1 9 10 10
4 1 8 9 10
5 1 8 9 10
6 1 8 9 10
7 2 9 9 10
8 1 9 8 10
9 0 8 8 10
10 1 8 9 10
11 1 8 10 10
12 1 9 10 10
13 1 8 9 10
14 1 8 9 10
15 0 8 9 10
16 2 8 9 10
17 1 8 10 10
18 1 8 9 10
19 1 8 8 10
20 1 8 9 10
21 1 9 9 10
22 2 8 9 10
23 1 8 9 10
24 1 8 9 10
25 1 8 8 10
26 1 8 9 10
27 2 8 9 10
28 1 8 8 10
29 1 9 9 10
30 1 8 9 10
31 2 8 9 10
32 1 8 8 10
33 1 8 9 10
34 2 8 9 10
35 0 8 9 10
36 1 8 9 10
37 2 8 8 10
38 1 8 9 10
39 1 8 9 10
40 1 8 9 10
41 1 8 9 10
42 1 8 9 10
43 1 8 9 10
44 1 8 9 10
45 1 8 9 10
46 0 8 9 10
47 0 8 9 10
48 2 8 9 10
49 1 8 9 10
50 1 8 9 10
51 1 8 9 10
52 0 8 9 10
53 1 8 9 10
54 1 8 9 10
55 1 8 9 10
56 1 8 9 10
57 2 8 9 10
58 0 8 9 10
59 1 8 9 10
60 3 8 9 10
61 1 8 9 10
62 0 8 9 10
63 1 8 9 10
64 1 8 9 10
65 2 8 9 10
66 1 8 8 10
67 1 8 9 10
68 2 8 9 10
69 2 8 9 10
70 1 8 9 10
71 2 8 9 10
72 2 8 9 10
73 1 8 9 10
74 1 8 9 10
75 1 8 9 10
76 1 8 9 10
77 1 9 9 10
78 1 8 9 10
79 1 9 9 10
80 1 8 9 10
81 0 8 8 10
82 1 8 9 10
83 1 8 9 10
84 1 8 9 10
85 0 8 8 10
86 2 8 9 10
87 0 8 9 10
88 1 8 9 10
89 3 8 9 10
90 1 8 9 10
91 1 8 9 10
92 1 8 9 10
94 1 8 9 10
95 2 8 9 10
96 1 8 9 10
97 2 8 9 10
98 2 8 9 10
0 1 6 7 10
1 2 5 7 10
2 1 7 8 10
3 2 6 7 10
4 2 8 3 10
5 1 5 8 10
6 1 8 8 10
7 2 6 7 10
8 1 5 8 10
9 2 8 8 10
10 2 6 8 10
11 0 7 8 10
12 2 6 8 10
13 0 8 8 10
14 1 6 7 10
15 3 7 7 10
16 1 7 8 10
17 0 6 7 10
18 2 7 7 10
19 1 7 8 10
20 0 7 7 10
21 1 6 8 10
22 1 6 7 10
23 0 6 8 10
24 2 6 7 10
25 1 5 8 10
26 0 7 7 10
27 2 4 7 10
28 0 5 5 10
29 1 6 6 10
30 2 6 6 10
31 1 6 7 10
32 0 7 7 10
33 2 6 7 10
34 1 7 8 10
36 2 6 8 10
37 1 7 8 10
38 2 7 7 10
40 1 7 8 10
41 2 7 7 10
43 1 7 8 10
44 3 6 7 10
45 0 6 7 10
46 2 6 7 10
47 1 5 6 10
48 1 5 6 10
49 1 4 5 10
51 1 6 7 10
52 2 5 6 10
53 2 5 6 10
54 1 6 6 10
55 1 5 6 10
56 2 4 6 10
57 1 5 5 10
58 0 4 6 10
59 2 4 5 10
60 1 6 6 10
61 1 7 7 10
62 1 7 7 10
64 2 7 7 10
65 1 6 7 10
66 1 6 7 10
67 1 6 7 10
69 0 5 6 10
70 2 5 6 10
71 2 5 6 10
72 1 6 6 10
73 2 6 7 10
74 1 6 7 10
75 0 6 7 10
76 1 5 7 10
77 1 5 6 10
78 0 4 6 10
79 2 4 5 10
80 0 4 5 10
81 1 5 6 10
82 3 5 6 10
83 1 5 6 10
84 2 5 6 10
85 2 5 5 10
86 1 5 6 10
87 1 5 6 10
88 2 6 6 10
89 1 6 6 10
90 3 6 7 10
91 1 6 7 10
92 1 6 7 10
93 2 5 6 10
94 1 5 6 10
95 1 5 6 10
96 2 5 6 10
97 2 5 6 10
98 1 6 6 10
0 1 5 6 10
1 2 5 6 10
2 2 5 6 10
3 1 6 7 10
4 0 6 4 10
5 2 5 6 10
6 1 4 6 10
7 1 6 7 10
8 0 6 5 10
9 0 5 6 10
10 2 5 7 10
11 1 5 6 10
12 1 5 6 10
13 1 5 6 10
14 1 6 6 10
15 1 5 7 10
16 2 5 6 10
17 1 6 6 10
18 1 5 6 10
19 1 6 6 10
20 2 5 6 10
21 1 6 7 10
22 1 6 7 10
23 1 6 7 10
24 2 6 7 10
25 2 6 7 10
26 2 6 7 10
27 0 6 7 10
28 0 6 7 10
29 2 6 7 10
30 2 6 7 10
31 1 6 7 10
32 1 6 7 10
33 1 6 7 10
34 2 6 7 10
35 2 6 7 10
36 1 6 7 10
37 1 6 7 10
38 2 6 7 10
39 2 6 7 10
40 0 6 7 10
41 1 6 7 10
42 2 6 7 10
43 1 6 7 10
44 2 6 7 10
45 0 6 7 10
46 1 6 7 10
47 2 6 7 10
48 2 6 7 10
49 2 6 7 10
50 0 6 7 10
51 1 6 7 10
52 2 6 7 10
53 3 6 7 10
54 1 6 7 10
55 1 6 7 10
56 1 6 7 10
57 2 6 7 10
58 1 6 7 10
59 2 6 7 10
60 1 6 7 10
61 1 6 7 10
62 2 6 7 10
63 3 6 7 10
64 1 6 7 10
65 0 6 7 10
66 2 7 7 10
68 2 6 7 10
69 1 6 7 10
70 1 6 7 10
71 1 6 7 10
72 1 5 7 10
73 0 5 6 10
74 1 5 5 10
75 1 5 7 10
76 1 5 5 10
77 2 5 7 10
78 1 5 6 10
79 1 5 6 10
80 2 6 7 10
81 2 5 7 10
82 2 6 7 10
83 1 6 7 10
84 0 6 7 10
85 2 6 7 10
86 3 6 7 10
87 0 6 7 10
88 0 6 7 10
89 3 6 7 10
90 2 6 7 10
91 1 6 7 10
92 1 6 7 10
93 1 6 7 10
94 2 6 7 10
95 2 6 7 10
96 1 6 7 10
97 2 6 7 10
98 2 6 7 10
0 1 6 7 10
1 1 6 7 10
2 1 5 6 10
3 1 6 7 10
4 1 5 6 10
5 2 5 6 10
6 1 6 6 10
7 1 5 7 10
8 2 5 6 10
9 1 6 6 10
10 2 5 6 10
11 1 5 6 10
12 1 5 6 10
13 0 6 4 10
14 1 4 6 10
15 2 5 6 10
16 1 5 6 10
17 0 5 6 10
18 1 5 6 10
19 2 4 6 10
20 1 5 5 10
21 1 5 6 10
22 2 4 6 10
23 1 5 6 10
24 1 5 5 10
25 1 5 6 10
26 2 5 6 10
27 2 5 6 10
28 0 5 6 10
29 1 5 6 10
30 1 5 6 10
31 2 5 6 10
32 1 5 6 10
34 2 5 6 10
35 1 4 6 10
36 0 5 6 10
37 2 5 6 10
38 2 5 6 10
39 0 4 6 10
40 1 4 6 10
41 2 5 6 10
42 1 5 6 10
43 2 5 6 10
44 2 5 6 10
45 1 5 5 10
46 1 5 6 10
47 2 5 6 10
48 2 4 5 10
49 1 5 6 10
50 1 5 6 10
51 1 5 6 10
52 1 4 6 10
53 2 4 6 10
54 2 5 6 10
55 1 5 6 10
56 0 5 6 10
57 1 5 6 10
58 1 4 6 10
59 2 5 6 10
60 1 5 6 10
61 1 5 6 10
62 1 5 6 10
63 2 5 6 10
64 1 5 6 10
65 2 5 6 10
66 1 5 5 10
67 1 5 6 10
68 1 5 6 10
69 1 4 6 10
70 2 5 6 10
71 1 5 6 10
72 1 5 6 10
73 2 5 6 10
74 1 5 6 10
75 0 5 6 10
76 2 5 6 10
77 2 4 6 10
78 1 5 6 10
79 1 5 6 10
80 2 5 6 10
81 2 5 6 10
82 0 5 6 10
83 1 4 6 10
84 2 5 6 10
85 2 5 6 10
86 0 5 6 10
87 1 4 6 10
88 1 5 6 10
89 1 5 6 10
90 2 5 6 10
91 1 5 5 10
92 1 5 6 10
93 1 5 6 10
94 2 5 6 10
95 2 5 6 10
96 1 5 6 10
97 2 4 6 10
98 2 5 6 10
0 2 7 7 10
1 1 7 8 10
2 0 7 7 10
3 2 6 7 10
4 1 6 7 10
5 0 6 7 10
6 2 6 7 10
7 1 6 7 10
8 1 6 7 10
9 2 6 7 10
10 1 6 7 10
11 2 6 7 10
12 2 6 7 10
13 0 6 7 10
14 0 6 7 10
15 2 6 7 10
16 0 7 7 10
17 2 6 8 10
18 2 6 7 10
19 2 6 7 10
20 0 6 7 10
21 1 6 7 10
22 2 6 7 10
23 1 6 7 10
24 1 6 7 10
25 1 6 7 10
26 1 6 7 10
27 2 6 7 10
28 2 6 7 10
29 0 6 7 10
30 0 6 6 10
31 2 5 7 10
32 1 6 7 10
33 1 6 6 10
34 2 6 7 10
35 0 6 7 10
36 0 6 7 10
37 2 6 7 10
38 1 6 7 10
39 1 6 7 10
40 2 6 7 10
41 1 6 7 10
42 1 6 7 10
43 2 6 7 10
44 1 6 7 10
45 1 6 7 10
46 1 6 7 10
47 1 6 7 10
48 1 6 7 10
49 2 5 6 10
50 3 6 6 10
51 1 6 6 10
52 1 5 6 10
53 2 5 6 10
54 1 5 6 10
55 1 5 6 10
56 1 5 6 10
57 0 6 7 10
58 1 6 7 10
59 1 6 7 10
60 0 6 7 10
61 1 6 7 10
62 2 6 7 10
63 1 6 7 10
64 2 5 7 10
65 2 6 6 10
66 0 6 6 10
67 1 5 6 10
68 1 6 6 10
69 0 6 7 10
70 1 6 7 10
71 2 6 6 10
72 2 5 7 10
73 0 5 6 10
74 2 5 6 10
75 2 5 6 10
76 1 5 6 10
77 1 5 6 10
78 1 5 6 10
79 1 5 6 10
80 1 5 6 10
81 1 5 6 10
82 1 5 6 10
83 2 5 6 10
84 1 5 6 10
85 0 5 6 10
86 2 5 6 10
87 2 5 6 10
88 1 5 6 10
89 2 5 6 10
90 2 5 6 10
91 1 5 6 10
92 0 5 6 10
93 1 5 6 10
94 1 6 6 10
95 0 6 6 10
96 1 5 6 10
97 0 6 6 10
98 1 6 7 10
0 1 6 7 10
1 2 6 7 10
2 2 6 6 10
3 2 6 7 10
4 1 6 7 10
5 1 6 7 10
6 2 6 7 10
7 1 6 6 10
8 0 6 7 10
9 2 6 7 10
10 1 6 7 10
11 1 6 7 10
12 1 5 7 10
13 1 5 6 10
14 1 5 6 10
15 2 5 6 10
16 1 6 6 10
17 1 6 7 10
18 2 6 7 10
19 2 6 7 10
20 1 6 7 10
21 2 6 7 10
22 3 6 7 10
23 2 6 7 10
24 1 6 7 10
25 1 6 7 10
26 0 6 7 10
27 0 6 7 10
28 2 6 7 10
29 1 6 7 10
30 2 6 7 10
31 2 6 7 10
32 2 6 7 10
33 1 6 7 10
34 1 6 7 10
35 1 6 7 10
36 1 6 7 10
37 3 6 7 10
38 1 6 7 10
39 1 6 7 10
40 1 6 7 10
41 2 6 7 10
42 1 6 7 10
43 1 6 7 10
44 1 6 7 10
45 1 6 7 10
46 0 7 7 10
47 1 6 7 10
48 2 6 7 10
49 0 6 7 10
50 1 6 7 10
51 2 6 7 10
52 1 6 7 10
53 1 6 7 10
54 2 6 7 10
55 1 6 7 10
56 1 6 7 10
57 2 6 7 10
58 2 6 7 10
59 1 5 6 10
60 2 5 6 10
61 1 6 7 10
62 0 6 6 10
63 2 5 6 10
64 1 6 7 10
65 2 5 6 10
66 0 6 6 10
67 2 5 6 10
68 1 5 6 10
69 0 5 6 10
70 2 5 6 10
71 0 5 6 10
72 1 6 6 10
73 3 5 6 10
74 1 5 6 10
75 1 5 6 10
76 1 5 6 10
77 2 5 6 10
78 1 5 6 10
79 0 5 6 10
80 3 5 6 10
81 1 5 6 10
82 1 5 6 10
83 1 5 6 10
84 0 5 6 10
85 1 5 6 10
86 2 5 6 10
87 1 5 6 10
88 2 5 6 10
89 2 5 6 10
90 1 5 6 10
91 0 5 6 10
92 2 5 6 10
93 1 5 6 10
94 1 5 6 10
95 2 5 6 10
96 2 5 6 10
97 1 5 6 10
98 0 5 6 10
