
2 2 9 8 255 255 347 351 1
3 2 9 8 255 255 347 350 1
4 2 8 8 255 255 347 350 1
5 2 8 8 255 255 347 350 1
6 1 8 7 255 255 347 350 1
7 2 9 8 255 255 347 350 1
8 2 9 8 255 255 347 350 1
1 2 5 3 255 255 347 452 1.5
2 2 2 4 255 255 347 350 1.5
3 1 0 2 255 255 347 350 1.5
4 3 1 3 255 255 347 350 1.5
5 1 3 1 255 184 348 350 1.5
6 3 5 4 255 255 347 350 1.5
7 0 0 0 255 255 347 350 1.5
8 2 7 4 255 255 347 350 1.5
1 2 6 6 255 255 347 453 2
2 2 6 5 255 255 347 350 2
3 2 7 6 255 255 347 350 2
4 0 6 6 255 255 347 350 2
5 2 6 6 255 255 347 350 2
6 3 6 4 255 255 347 350 2
7 1 6 4 255 255 347 350 2
8 1 6 6 255 255 347 350 2
1 2 8 7 255 255 348 453 2.5
2 2 8 7 255 255 347 350 2.5
3 2 8 7 255 255 348 350 2.5
4 2 8 7 255 255 347 351 2.5
5 2 8 7 255 255 348 350 2.5
6 1 8 7 255 255 347 350 2.5
7 2 8 7 255 255 347 350 2.5
8 2 8 7 255 255 347 350 2.5
1 2 9 8 255 255 348 452 3
2 2 9 8 255 255 347 351 3
3 2 9 8 255 255 348 350 3
4 2 9 8 255 255 347 351 3
5 2 9 8 255 255 348 350 3
6 2 9 8 255 255 347 350 3
7 2 9 8 255 255 348 350 3
8 2 9 8 255 255 347 351 3
1 2 7 6 255 255 348 452 3.5
2 2 7 6 255 255 347 351 3.5
3 2 7 6 255 255 348 350 3.5
4 3 7 6 255 255 347 351 3.5
5 2 7 6 255 255 348 350 3.5
6 2 7 6 255 255 347 350 3.5
7 2 7 6 255 255 348 350 3.5
8 2 7 6 255 255 347 350 3.5
1 0 7 6 255 255 348 452 4
2 2 7 7 255 255 348 351 4
3 2 7 6 255 255 348 350 4
4 2 7 6 255 255 347 351 4
5 1 7 6 255 255 348 350 4
6 1 7 5 255 255 347 351 4
7 2 8 6 255 255 348 350 4
8 1 7 7 255 255 348 351 4
1 3 7 6 255 255 348 448 4.5
2 1 7 6 255 255 350 351 4.5
3 2 7 6 255 255 348 350 4.5
4 2 7 6 255 255 348 351 4.5
5 1 7 6 255 255 348 350 4.5
6 2 7 6 255 255 348 351 4.5
7 1 7 6 255 255 348 350 4.5
8 3 6 6 255 255 348 351 4.5
1 2 7 6 255 255 348 451 5
2 2 7 6 255 255 348 351 5
3 2 7 6 255 255 348 350 5
4 2 7 6 255 255 350 351 5
5 2 7 6 255 255 348 350 5
6 2 7 6 255 255 348 351 5
7 1 8 7 255 255 348 350 5
8 3 8 7 255 255 348 351 5
1 2 7 7 255 255 348 451 5.5
2 2 7 7 255 255 348 351 5.5
3 1 7 7 255 255 348 350 5.5
4 2 7 6 255 255 348 351 5.5
5 1 7 7 255 255 348 350 5.5
6 2 8 7 255 255 348 351 5.5
7 1 8 7 255 255 348 350 5.5
8 1 7 7 255 255 348 351 5.5
1 2 7 6 255 255 348 449 6
2 2 7 6 255 255 348 351 6
3 3 7 6 255 255 348 351 6
4 1 7 6 255 255 348 351 6
5 1 7 6 255 255 348 350 6
6 1 7 6 255 255 348 351 6
7 2 7 6 255 255 348 350 6
8 1 7 6 255 255 348 351 6
1 1 6 6 255 255 348 448 6.5
2 0 6 5 255 255 348 351 6.5
3 1 6 5 255 255 348 350 6.5
4 2 6 5 255 255 348 351 6.5
5 2 6 5 255 255 348 350 6.5
6 2 6 5 255 255 348 351 6.5
7 2 6 5 255 255 348 351 6.5
8 1 6 5 255 255 348 351 6.5
1 2 5 5 255 255 349 449 7
2 2 5 5 255 255 348 351 7
3 2 6 4 255 255 349 351 7
4 2 6 4 255 255 348 351 7
5 2 5 4 255 255 349 350 7
6 1 6 4 255 255 348 351 7
7 2 4 4 255 255 349 351 7
8 2 5 4 255 255 348 351 7
1 2 6 5 255 255 349 449 7.5
2 2 6 4 255 255 348 351 7.5
3 2 5 5 255 255 349 350 7.5
4 1 5 5 255 255 348 351 7.5
5 1 6 5 255 255 349 350 7.5
6 2 5 4 255 255 348 351 7.5
7 3 5 4 255 255 349 350 7.5
8 1 5 5 255 255 348 351 7.5
1 2 6 6 255 255 349 448 8
2 2 7 6 255 255 348 351 8
3 1 6 6 255 255 349 351 8
4 2 6 6 255 255 348 351 8
5 2 7 5 255 255 349 351 8
6 2 6 6 255 255 348 351 8
7 1 6 5 255 255 349 351 8
8 2 6 5 255 255 348 351 8
1 2 6 5 255 255 349 450 8.5
2 1 7 6 255 255 349 351 8.5
3 2 7 6 255 255 349 351 8.5
4 2 6 5 255 255 349 351 8.5
5 2 6 5 255 255 349 351 8.5
6 2 6 5 255 255 349 351 8.5
7 1 6 5 255 255 349 351 8.5
8 2 6 5 255 255 349 351 8.5
1 1 6 5 255 255 349 449 9
2 3 7 6 255 255 349 351 9
3 2 6 6 255 255 349 351 9
4 2 6 5 255 255 349 351 9
5 2 6 5 255 255 349 351 9
6 2 6 5 255 255 349 351 9
7 2 6 5 255 255 349 351 9
8 3 6 5 255 255 349 351 9
1 1 6 6 255 255 349 443 9.5
2 1 7 6 255 255 349 351 9.5
3 2 6 5 255 255 349 351 9.5
4 2 6 5 255 255 349 351 9.5
5 2 6 6 255 255 349 351 9.5
6 2 7 6 255 255 349 351 9.5
8 3 7 6 255 255 349 351 9.5
1 2 4 4 255 255 350 456 10
2 2 5 4 255 255 350 351 10
3 1 5 4 255 255 350 351 10
4 3 5 4 255 255 350 351 10
5 2 5 4 255 255 350 351 10
6 2 5 5 255 255 353 352 10
7 3 6 5 255 255 350 350 10
8 2 5 5 255 255 350 351 10
1 3 5 4 255 255 350 454 10.5
2 1 6 5 255 255 350 351 10.5
3 2 5 5 255 255 350 351 10.5
4 2 6 5 255 255 350 351 10.5
5 2 6 5 255 255 350 351 10.5
6 2 6 5 255 255 350 351 10.5
7 1 6 5 255 255 350 351 10.5
8 1 6 5 255 255 350 351 10.5
1 2 4 3 255 255 351 451 11
2 2 4 4 255 255 350 351 11
3 2 4 4 255 255 351 351 11
4 1 4 4 255 255 350 351 11
5 2 4 3 255 255 351 351 11
6 2 4 4 255 255 350 351 11
7 2 4 4 255 255 351 351 11
8 1 4 4 255 255 350 351 11
1 2 4 4 255 255 351 443 11.5
2 2 5 4 255 255 350 351 11.5
3 2 5 4 255 255 351 351 11.5
4 2 4 4 255 255 350 351 11.5
5 1 5 4 255 255 351 351 11.5
6 2 5 4 255 255 350 351 11.5
7 1 4 3 255 255 350 351 11.5
8 2 4 4 255 255 350 351 11.5
1 2 4 4 255 255 351 454 12
2 2 4 4 255 255 350 351 12
3 1 5 4 255 255 351 351 12
4 2 5 4 255 255 350 351 12
5 2 5 4 255 255 351 351 12
6 2 4 4 255 255 350 351 12
7 2 4 4 255 255 351 351 12
8 1 4 4 255 255 350 351 12
1 2 0 0 244 248 351 456 12.5
2 1 1 0 255 172 351 351 12.5
3 3 1 1 255 255 351 351 12.5
4 3 0 0 255 255 351 351 12.5
5 1 1 0 255 255 351 351 12.5
6 1 0 1 255 255 351 351 12.5
7 2 1 0 255 255 351 351 12.5
8 1 1 0 255 255 351 351 12.5
1 3 5 5 255 255 351 454 13
2 1 6 5 255 255 351 351 13
3 3 6 5 255 255 351 351 13
4 2 6 5 255 255 351 351 13
5 1 6 5 255 255 351 351 13
6 3 6 5 255 255 351 351 13
7 1 5 4 255 255 351 351 13
8 1 5 4 255 255 351 351 13
1 2 5 5 255 255 351 452 13.5
2 1 5 4 255 255 351 351 13.5
3 2 5 5 255 255 351 351 13.5
4 1 5 4 255 255 351 351 13.5
5 2 5 4 255 255 351 351 13.5
6 2 5 5 255 255 351 351 13.5
7 2 6 4 255 255 351 351 13.5
8 2 6 5 255 255 351 351 13.5
1 2 6 5 255 255 351 451 14
2 2 5 5 255 255 351 351 14
3 1 5 4 255 255 351 351 14
4 2 6 4 255 255 351 351 14
5 2 5 5 255 255 351 351 14
6 2 5 4 255 255 351 353 14
7 2 6 5 255 255 351 351 14
8 2 6 5 255 255 351 351 14
1 2 4 4 255 255 351 449 14.5
2 1 4 4 255 255 351 351 14.5
3 2 5 4 255 255 351 351 14.5
4 2 4 4 255 255 351 351 14.5
5 2 4 4 255 255 351 351 14.5
6 2 4 4 255 255 351 351 14.5
7 3 4 4 255 255 351 351 14.5
8 1 5 4 255 255 351 351 14.5
1 2 5 4 255 255 351 450 15
2 3 4 4 255 255 351 351 15
3 1 4 3 255 255 351 351 15
4 2 4 4 255 255 351 351 15
5 1 4 3 255 255 351 351 15
6 2 4 4 255 255 351 351 15
7 2 4 4 255 255 351 351 15
8 3 4 4 255 255 351 351 15
