00 00 04 00 03 18 00 06 00 00 00 00 00 00 00 00 00 00 00 00 00 00 00 00 00 00 00 00 00 00 00 00 
00 00 04 00 03 18 00 06 00 00 00 00 00 00 00 00 00 00 00 00 00 00 00 00 00 00 00 00 00 00 00 00 
00 00 03 00 04 18 00 06 00 00 00 00 00 00 03 19 FD 20 00 FF 01 60 00 00 00 00 00 00 00 00 00 00 
00 00 03 00 04 18 00 06 00 00 00 00 00 00 03 19 FD 20 00 FF 01 60 00 00 00 00 00 00 00 00 00 00 
00 00 04 00 03 18 00 06 00 02 00 00 00 00 00 00 00 00 00 00 00 00 00 00 00 00 00 00 00 00 00 00 
00 00 03 00 04 18 00 06 00 00 03 1B 70 CF 03 1C F1 73 00 E4 01 5F 00 00 00 00 00 00 00 00 00 00 
00 00 03 00 04 18 00 06 00 00 03 1B 70 CF 03 1C F1 73 00 E4 01 5F 00 00 00 00 00 00 00 00 00 00 
00 00 03 00 04 18 00 06 00 00 03 1B 70 CF 03 1C F1 73 00 E4 01 5F 00 00 00 00 00 00 00 00 00 00 
00 00 03 00 04 18 00 06 00 00 03 1B 70 CF 03 1C F1 73 00 E4 01 5F 00 00 00 00 00 00 00 00 00 00 
00 00 03 00 04 18 00 06 00 00 03 1B 70 CF 03 1C F1 73 00 E4 01 5F 00 00 00 00 00 00 00 00 00 00 
00 00 03 00 04 18 00 06 00 00 03 1B 70 CF 03 1C F1 73 00 E4 01 5F 00 00 00 00 00 00 00 00 00 00 
00 00 03 00 04 18 00 06 00 00 03 1B 70 CF 03 1C F1 73 00 E4 01 5F 00 00 00 00 00 00 00 00 00 00 
00 00 03 00 04 18 00 06 00 00 03 1B 70 CF 03 1C F1 73 00 E4 01 5F 00 00 00 00 00 00 00 00 00 00 
00 00 03 00 04 18 00 06 00 00 03 1B 70 CF 03 1C F1 73 00 E4 01 5F 00 00 00 00 00 00 00 00 00 00 
00 00 03 00 04 18 00 06 00 00 03 1B 70 CF 03 1C F1 73 00 E4 01 5F 00 00 00 00 00 00 00 00 00 00 
00 00 03 00 04 18 00 06 00 00 03 1B 70 CF 03 1C F1 73 00 E4 01 5F 00 00 00 00 00 00 00 00 00 00 
00 00 03 00 04 18 00 06 00 00 03 1B 70 CF 03 1C F1 73 00 E4 01 5F 00 00 00 00 00 00 00 00 00 00 
00 00 03 00 04 18 00 06 00 00 03 1B 70 CF 03 1C F1 73 00 E4 01 5F 00 00 00 00 00 00 00 00 00 00 
00 00 03 00 04 18 00 06 00 00 03 1B 70 CF 03 1C F1 73 00 E4 01 5F 00 00 00 00 00 00 00 00 00 00 
00 00 03 00 04 18 00 06 00 00 03 1B 70 CF 03 1C F1 73 00 E4 01 5F 00 00 00 00 00 00 00 00 00 00 
00 00 03 00 04 18 00 06 00 00 03 1B 70 CF 03 1C F1 73 00 E4 01 5F 00 00 00 00 00 00 00 00 00 00 
00 00 03 00 04 18 00 06 00 00 03 1B 70 CF 03 1C F1 73 00 E4 01 5F 00 00 00 00 00 00 00 00 00 00 
00 00 03 00 04 18 00 06 00 00 03 1B 70 CF 03 1C F1 73 00 E4 01 5F 00 00 00 00 00 00 00 00 00 00 
00 00 03 00 04 18 00 06 00 00 03 1B 70 CF 03 1C F1 73 00 E4 01 5F 00 00 00 00 00 00 00 00 00 00 
00 00 03 00 04 18 00 06 00 00 03 1B 70 CF 03 1C F1 73 00 E4 01 5F 00 00 00 00 00 00 00 00 00 00 
00 00 03 00 04 18 00 06 00 00 03 1B 70 CF 03 1C F1 73 00 E4 01 5F 00 00 00 00 00 00 00 00 00 00 
00 00 03 00 04 18 00 06 00 00 03 1B 70 CF 03 1C F1 73 00 E4 01 5F 00 00 00 00 00 00 00 00 00 00 
00 00 03 00 04 18 00 06 00 00 03 1B 70 CF 03 1C F1 73 00 E4 01 5F 00 00 00 00 00 00 00 00 00 00 
00 00 03 00 04 18 00 06 00 00 03 1B 70 CF 03 1C F1 73 00 E4 01 5F 00 00 00 00 00 00 00 00 00 00 
00 00 03 00 04 18 00 06 00 00 03 1B 70 CF 03 1C F1 73 00 E4 01 5F 00 00 00 00 00 00 00 00 00 00 
00 00 03 00 04 18 00 06 00 00 03 1B 70 CF 03 1C F1 73 00 E4 01 5F 00 00 00 00 00 00 00 00 00 00 
00 00 03 00 04 18 00 06 00 00 03 1B 70 CF 03 1C F1 73 00 E4 01 5F 00 00 00 00 00 00 00 00 00 00 
00 00 03 00 04 18 00 06 00 00 03 1B 70 CF 03 1C F1 73 00 E4 01 5F 00 00 00 00 00 00 00 00 00 00 
00 00 03 00 04 18 00 06 00 00 03 1B 70 CF 03 1C F1 73 00 E4 01 5F 00 00 00 00 00 00 00 00 00 00 
00 00 03 00 04 18 00 06 00 00 03 1B 70 CF 03 1C F1 73 00 E4 01 5F 00 00 00 00 00 00 00 00 00 00 
00 00 03 00 04 18 00 06 00 00 03 1B 70 CF 03 1C F1 73 00 E4 01 5F 00 00 00 00 00 00 00 00 00 00 
00 00 03 00 04 18 00 06 00 00 03 1B 70 CF 03 1C F1 73 00 E4 01 5F 00 00 00 00 00 00 00 00 00 00 
00 00 03 00 04 18 00 06 00 00 03 1B 70 CF 03 1C F1 73 00 E4 01 5F 00 00 00 00 00 00 00 00 00 00 
00 00 03 00 04 18 00 06 00 00 03 1B 70 CF 03 1C F1 73 00 E4 01 5F 00 00 00 00 00 00 00 00 00 00 
00 00 03 00 04 18 00 06 00 00 03 1B 70 CF 03 1C F1 73 00 E4 01 5F 00 00 00 00 00 00 00 00 00 00 
00 00 03 00 04 18 00 06 00 00 03 1B 70 CF 03 1C F1 73 00 E4 01 5F 00 00 00 00 00 00 00 00 00 00 
00 00 03 00 04 18 00 06 00 00 03 1B 70 CF 03 1C F1 73 00 E4 01 5F 00 00 00 00 00 00 00 00 00 00 
00 00 03 00 04 18 00 06 00 00 03 1B 70 CF 03 1C F1 73 00 E4 01 5F 00 00 00 00 00 00 00 00 00 00 
00 00 03 00 04 18 00 06 00 00 03 1B 70 CF 03 1C F1 73 00 E4 01 5F 00 00 00 00 00 00 00 00 00 00 
00 00 03 00 04 18 00 06 00 00 03 1B 70 CF 03 1C F1 73 00 E4 01 5F 00 00 00 00 00 00 00 00 00 00 
00 00 03 00 04 18 00 06 00 00 03 1B 70 CF 03 1C F1 73 00 E4 01 5F 00 00 00 00 00 00 00 00 00 00 
00 00 03 00 04 18 00 06 00 00 03 1B 70 CF 03 1C F1 73 00 E4 01 5F 00 00 00 00 00 00 00 00 00 00 
00 00 03 00 04 18 00 06 00 00 03 1B 70 CF 03 1C F1 73 00 E4 01 5F 00 00 00 00 00 00 00 00 00 00 
00 00 03 00 04 18 00 06 00 00 03 1B 70 CF 03 1C F1 73 00 E4 01 5F 00 00 00 00 00 00 00 00 00 00 
00 00 03 00 04 18 00 06 00 00 03 1B 70 CF 03 1C F1 73 00 E4 01 5F 00 00 00 00 00 00 00 00 00 00 
00 00 03 00 04 18 00 06 00 00 03 1B 70 CF 03 1C F1 73 00 E4 01 5F 00 00 00 00 00 00 00 00 00 00 
00 00 03 00 04 18 00 06 00 00 03 1B 70 CF 03 1C F1 73 00 E4 01 5F 00 00 00 00 00 00 00 00 00 00 
00 00 03 00 04 18 00 06 00 00 03 1B 70 CF 03 1C F1 73 00 E4 01 5F 00 00 00 00 00 00 00 00 00 00 
00 00 03 00 04 18 00 06 00 00 03 1B 70 CF 03 1C F1 73 00 E4 01 5F 00 00 00 00 00 00 00 00 00 00 
00 00 03 00 04 18 00 06 00 00 03 1B 70 CF 03 1C F1 73 00 E4 01 5F 00 00 00 00 00 00 00 00 00 00 
00 00 03 00 04 18 00 06 00 00 03 1B 70 CF 03 1C F1 73 00 E4 01 5F 00 00 00 00 00 00 00 00 00 00 
00 00 03 00 04 18 00 06 00 00 03 1B 70 CF 03 1C F1 73 00 E4 01 5F 00 00 00 00 00 00 00 00 00 00 
00 00 03 00 04 18 00 06 00 00 03 1B 70 CF 03 1C F1 73 00 E4 01 5F 00 00 00 00 00 00 00 00 00 00 
00 00 03 00 04 18 00 06 00 00 03 1B 70 CF 03 1C F1 73 00 E4 01 5F 00 00 00 00 00 00 00 00 00 00 
00 00 03 00 04 18 00 06 00 00 03 1B 70 CF 03 1C F1 73 00 E4 01 5F 00 00 00 00 00 00 00 00 00 00 
00 00 03 00 04 18 00 06 00 00 03 1B 70 CF 03 1C F1 73 00 E4 01 5F 00 00 00 00 00 00 00 00 00 00 
00 00 03 00 04 18 00 06 00 00 03 1B 70 CF 03 1C F1 73 00 E4 01 5F 00 00 00 00 00 00 00 00 00 00 
00 00 03 00 04 18 00 06 00 00 03 1B 70 CF 03 1C F1 73 00 E4 01 5F 00 00 00 00 00 00 00 00 00 00 
00 00 03 00 04 18 00 06 00 00 03 1B 70 CF 03 1C F1 73 00 E4 01 5F 00 00 00 00 00 00 00 00 00 00 
00 00 04 00 03 18 00 06 00 03 00 00 00 00 00 00 00 00 00 00 00 00 00 00 00 00 00 00 00 00 00 00 
00 00 03 00 04 18 00 06 00 00 03 24 8F AB 03 25 FB 8B 00 F4 01 5F 00 00 00 00 00 00 00 00 00 00 
00 00 03 00 04 18 00 06 00 00 03 24 8F AB 03 25 FB 8B 00 F4 01 5F 00 00 00 00 00 00 00 00 00 00 
00 00 03 00 04 18 00 06 00 00 03 24 8F AB 03 25 FB 8B 00 F4 01 5F 00 00 00 00 00 00 00 00 00 00 
00 00 03 00 04 18 00 06 00 00 03 24 8F AB 03 25 FB 8B 00 F4 01 5F 00 00 00 00 00 00 00 00 00 00 
00 00 03 00 04 18 00 06 00 00 03 24 8F AB 03 25 FB 8B 00 F4 01 5F 00 00 00 00 00 00 00 00 00 00 
00 00 03 00 04 18 00 06 00 00 03 24 8F AB 03 25 FB 8B 00 F4 01 5F 00 00 00 00 00 00 00 00 00 00 
00 00 03 00 04 18 00 06 00 00 03 24 8F AB 03 25 FB 8B 00 F4 01 5F 00 00 00 00 00 00 00 00 00 00 
00 00 03 00 04 18 00 06 00 00 03 24 8F AB 03 25 FB 8B 00 F4 01 5F 00 00 00 00 00 00 00 00 00 00 
00 00 03 00 04 18 00 06 00 00 03 24 8F AB 03 25 FB 8B 00 F4 01 5F 00 00 00 00 00 00 00 00 00 00 
00 00 03 00 04 18 00 06 00 00 03 24 8F AB 03 25 FB 8B 00 F4 01 5F 00 00 00 00 00 00 00 00 00 00 
00 00 03 00 04 18 00 06 00 00 03 24 8F AB 03 25 FB 8B 00 F4 01 5F 00 00 00 00 00 00 00 00 00 00 
00 00 03 00 04 18 00 06 00 00 03 24 8F AB 03 25 FB 8B 00 F4 01 5F 00 00 00 00 00 00 00 00 00 00 
00 00 03 00 04 18 00 06 00 00 03 24 8F AB 03 25 FB 8B 00 F4 01 5F 00 00 00 00 00 00 00 00 00 00 
00 00 03 00 04 18 00 06 00 00 03 24 8F AB 03 25 FB 8B 00 F4 01 5F 00 00 00 00 00 00 00 00 00 00 
00 00 03 00 04 18 00 06 00 00 03 24 8F AB 03 25 FB 8B 00 F4 01 5F 00 00 00 00 00 00 00 00 00 00 
00 00 04 00 03 18 00 06 00 04 00 00 00 00 00 00 00 00 00 00 00 00 00 00 00 00 00 00 00 00 00 00 
00 00 04 00 03 18 00 06 00 04 00 00 00 00 00 00 00 00 00 00 00 00 00 00 00 00 00 00 00 00 00 00 
00 00 03 00 04 18 00 06 00 00 03 24 8F AB 03 25 FB 8B 00 F4 01 5F 00 00 00 00 00 00 00 00 00 00 
00 00 03 00 04 18 00 06 00 00 03 24 8F AB 03 25 FB 8B 00 F4 01 5F 00 00 00 00 00 00 00 00 00 00 
00 00 04 00 03 18 00 06 00 04 00 00 00 00 00 00 00 00 00 00 00 00 00 00 00 00 00 00 00 00 00 00 
00 00 03 00 04 18 00 06 00 00 03 24 8F AB 03 25 FB 8B 00 F4 01 5F 00 00 00 00 00 00 00 00 00 00 
00 00 04 00 03 18 00 06 00 04 00 00 00 00 00 00 00 00 00 00 00 00 00 00 00 00 00 00 00 00 00 00 
00 00 03 00 04 18 00 06 00 00 03 24 8F AB 03 25 FB 8B 00 F4 01 5F 00 00 00 00 00 00 00 00 00 00 
00 00 04 00 03 18 00 06 00 04 00 00 00 00 00 00 00 00 00 00 00 00 00 00 00 00 00 00 00 00 00 00 
00 00 03 00 04 18 00 06 00 00 03 24 8F AB 03 25 FB 8B 00 F4 01 5F 00 00 00 00 00 00 00 00 00 00 
00 00 04 00 03 18 00 06 00 04 00 00 00 00 00 00 00 00 00 00 00 00 00 00 00 00 00 00 00 00 00 00 
00 00 04 00 03 18 00 06 00 04 00 00 00 00 00 00 00 00 00 00 00 00 00 00 00 00 00 00 00 00 00 00 
00 00 03 00 04 18 00 06 00 00 03 24 8F AB 03 25 FB 8B 00 F4 01 5F 00 00 00 00 00 00 00 00 00 00 
00 00 04 00 03 18 00 06 00 04 00 00 00 00 00 00 00 00 00 00 00 00 00 00 00 00 00 00 00 00 00 00 
00 00 03 00 04 18 00 06 00 00 03 24 8F AB 03 25 FB 8B 00 F4 01 5F 00 00 00 00 00 00 00 00 00 00 
00 00 04 00 03 18 00 06 00 04 00 00 00 00 00 00 00 00 00 00 00 00 00 00 00 00 00 00 00 00 00 00 
00 00 03 00 04 18 00 06 00 00 03 24 8F AB 03 25 FB 8B 00 F4 01 5F 00 00 00 00 00 00 00 00 00 00 
00 00 04 00 03 18 00 06 00 04 00 00 00 00 00 00 00 00 00 00 00 00 00 00 00 00 00 00 00 00 00 00 
00 00 03 00 04 18 00 06 00 00 03 24 8F AB 03 25 FB 8B 00 F4 01 5F 00 00 00 00 00 00 00 00 00 00 
00 00 04 00 03 18 00 06 00 04 00 00 00 00 00 00 00 00 00 00 00 00 00 00 00 00 00 00 00 00 00 00 
00 00 04 00 03 18 00 06 00 04 00 00 00 00 00 00 00 00 00 00 00 00 00 00 00 00 00 00 00 00 00 00 
00 00 03 00 04 18 00 06 00 00 03 24 8F AB 03 25 FB 8B 00 F4 01 5F 00 00 00 00 00 00 00 00 00 00 
00 00 04 00 03 18 00 06 00 04 00 00 00 00 00 00 00 00 00 00 00 00 00 00 00 00 00 00 00 00 00 00 
00 00 03 00 04 18 00 06 00 00 03 24 8F AB 03 25 FB 8B 00 F4 01 5F 00 00 00 00 00 00 00 00 00 00 
00 00 03 00 04 18 00 06 00 00 03 24 8F AB 03 25 FB 8B 00 F4 01 5F 00 00 00 00 00 00 00 00 00 00 
00 00 04 00 03 18 00 06 00 04 00 00 00 00 00 00 00 00 00 00 00 00 00 00 00 00 00 00 00 00 00 00 
00 00 04 00 03 18 00 06 00 04 00 00 00 00 00 00 00 00 00 00 00 00 00 00 00 00 00 00 00 00 00 00 
00 00 04 00 03 18 00 06 00 04 00 00 00 00 00 00 00 00 00 00 00 00 00 00 00 00 00 00 00 00 00 00 
00 00 03 00 04 18 00 06 00 00 03 24 8F AB 03 25 FB 8B 00 F4 01 5F 00 00 00 00 00 00 00 00 00 00 
00 00 04 00 03 18 00 06 00 07 00 00 00 00 00 00 00 00 00 00 00 00 00 00 00 00 00 00 00 00 00 00 
00 00 03 00 04 18 00 06 00 00 03 2B 0A 7F 03 2B 18 68 00 88 01 5E 00 00 00 00 00 00 00 00 00 00 
00 00 04 00 03 18 00 06 00 07 00 00 00 00 00 00 00 00 00 00 00 00 00 00 00 00 00 00 00 00 00 00 
00 00 04 00 03 18 00 06 00 08 00 00 00 00 00 00 00 00 00 00 00 00 00 00 00 00 00 00 00 00 00 00 
00 00 04 00 03 18 00 06 00 08 00 00 00 00 00 00 00 00 00 00 00 00 00 00 00 00 00 00 00 00 00 00 
00 00 04 00 03 18 00 06 00 08 00 00 00 00 00 00 00 00 00 00 00 00 00 00 00 00 00 00 00 00 00 00 
00 00 03 00 04 18 00 06 00 00 03 2C 91 F1 03 2C A3 CC 00 A4 01 5F 00 00 00 00 00 00 00 00 00 00 
00 00 03 00 04 18 00 06 00 00 03 2C 91 F1 03 2C A3 CC 00 A4 01 5F 00 00 00 00 00 00 00 00 00 00 
00 00 03 00 04 18 00 06 00 00 03 2C 91 F1 03 2C A3 CC 00 A4 01 5F 00 00 00 00 00 00 00 00 00 00 
00 00 04 00 03 18 00 06 00 08 00 00 00 00 00 00 00 00 00 00 00 00 00 00 00 00 00 00 00 00 00 00 
00 00 03 00 04 18 00 06 00 00 03 2C 91 F1 03 2C A3 CC 00 A4 01 5F 00 00 00 00 00 00 00 00 00 00 
00 00 04 00 03 18 00 06 00 08 00 00 00 00 00 00 00 00 00 00 00 00 00 00 00 00 00 00 00 00 00 00 
00 00 03 00 04 18 00 06 00 00 03 2C 91 F1 03 2C A3 CC 00 A4 01 5F 00 00 00 00 00 00 00 00 00 00 
00 00 04 00 03 18 00 06 00 08 00 00 00 00 00 00 00 00 00 00 00 00 00 00 00 00 00 00 00 00 00 00 
00 00 03 00 04 18 00 06 00 00 03 2C 91 F1 03 2C A3 CC 00 A4 01 5F 00 00 00 00 00 00 00 00 00 00 
00 00 03 00 04 18 00 06 00 00 03 2C 91 F1 03 2C A3 CC 00 A4 01 5F 00 00 00 00 00 00 00 00 00 00 
00 00 04 00 03 18 00 06 00 08 00 00 00 00 00 00 00 00 00 00 00 00 00 00 00 00 00 00 00 00 00 00 
00 00 03 00 04 18 00 06 00 00 03 2C 91 F1 03 2C A3 CC 00 A4 01 5F 00 00 00 00 00 00 00 00 00 00 
00 00 04 00 03 18 00 06 00 08 00 00 00 00 00 00 00 00 00 00 00 00 00 00 00 00 00 00 00 00 00 00 
00 00 04 00 03 18 00 06 00 08 00 00 00 00 00 00 00 00 00 00 00 00 00 00 00 00 00 00 00 00 00 00 
00 00 04 00 03 18 00 06 00 08 00 00 00 00 00 00 00 00 00 00 00 00 00 00 00 00 00 00 00 00 00 00 
00 00 03 00 04 18 00 06 00 00 03 2C 91 F1 03 2C A3 CC 00 A4 01 5F 00 00 00 00 00 00 00 00 00 00 
00 00 04 00 03 18 00 06 00 08 00 00 00 00 00 00 00 00 00 00 00 00 00 00 00 00 00 00 00 00 00 00 
00 00 03 00 04 18 00 06 00 00 03 2C 91 F1 03 2C A3 CC 00 A4 01 5F 00 00 00 00 00 00 00 00 00 00 
00 00 04 00 03 18 00 06 00 08 00 00 00 00 00 00 00 00 00 00 00 00 00 00 00 00 00 00 00 00 00 00 
00 00 03 00 04 18 00 06 00 00 03 2C 91 F1 03 2C A3 CC 00 A4 01 5F 00 00 00 00 00 00 00 00 00 00 
00 00 04 00 03 18 00 06 00 08 00 00 00 00 00 00 00 00 00 00 00 00 00 00 00 00 00 00 00 00 00 00 
00 00 04 00 03 18 00 06 00 08 00 00 00 00 00 00 00 00 00 00 00 00 00 00 00 00 00 00 00 00 00 00 
00 00 04 00 03 18 00 06 00 08 00 00 00 00 00 00 00 00 00 00 00 00 00 00 00 00 00 00 00 00 00 00 
00 00 03 00 04 18 00 06 00 00 03 2C 91 F1 03 2C A3 CC 00 A4 01 5F 00 00 00 00 00 00 00 00 00 00 
00 00 04 00 03 18 00 06 00 08 00 00 00 00 00 00 00 00 00 00 00 00 00 00 00 00 00 00 00 00 00 00 
00 00 03 00 04 18 00 06 00 00 03 2C 91 F1 03 2C A3 CC 00 A4 01 5F 00 00 00 00 00 00 00 00 00 00 
00 00 04 00 03 18 00 06 00 08 00 00 00 00 00 00 00 00 00 00 00 00 00 00 00 00 00 00 00 00 00 00 
00 00 04 00 03 18 00 06 00 08 00 00 00 00 00 00 00 00 00 00 00 00 00 00 00 00 00 00 00 00 00 00 
00 00 03 00 04 18 00 06 00 00 03 2C 91 F1 03 2C A3 CC 00 A4 01 5F 00 00 00 00 00 00 00 00 00 00 
00 00 03 00 04 18 00 06 00 00 03 2C 91 F1 03 2C A3 CC 00 A4 01 5F 00 00 00 00 00 00 00 00 00 00 
00 00 03 00 04 18 00 06 00 00 03 2C 91 F1 03 2C A3 CC 00 A4 01 5F 00 00 00 00 00 00 00 00 00 00 
00 00 04 00 03 18 00 06 00 08 00 00 00 00 00 00 00 00 00 00 00 00 00 00 00 00 00 00 00 00 00 00 
00 00 04 00 03 18 00 06 00 08 00 00 00 00 00 00 00 00 00 00 00 00 00 00 00 00 00 00 00 00 00 00 
00 00 03 00 04 18 00 06 00 00 03 30 F4 0B 03 30 E0 C8 00 A4 01 5F 00 00 00 00 00 00 00 00 00 00 
00 00 01 00 03 18 00 06 00 00 00 0E D5 48 03 19 FD 20 00 FF 00 00 00 00 00 00 00 00 00 00 00 00 
00 00 01 00 03 18 00 06 00 01 00 00 00 00 03 19 FD 20 00 FF 01 D6 00 00 00 00 00 00 00 00 00 00 
00 00 01 00 03 18 00 06 00 02 00 11 C9 9B 03 1C F1 73 00 E4 01 60 00 00 00 00 00 00 00 00 00 00 
00 00 01 00 03 18 00 06 00 03 00 1A D3 B2 03 25 FB 8B 00 F4 01 60 00 00 00 00 00 00 00 00 00 00 
00 00 01 00 03 18 00 06 00 04 00 00 00 00 03 25 FB 8B 00 F4 01 60 00 00 00 00 00 00 00 00 00 00 
00 00 01 00 03 18 00 06 00 05 00 00 00 00 03 25 FB 8B 00 F4 01 61 00 00 00 00 00 00 00 00 00 00 
00 00 01 00 03 18 00 06 00 06 00 00 00 00 03 25 FB 8B 00 F4 01 62 00 00 00 00 00 00 00 00 00 00 
00 00 01 00 03 18 00 06 00 07 00 1F F0 8D 03 2B 18 68 00 88 01 60 00 00 00 00 00 00 00 00 00 00 
00 00 01 00 03 18 00 06 00 08 00 21 7B F1 03 2C A3 CC 00 A4 01 5F 00 00 00 00 00 00 00 00 00 00 
00 00 01 00 03 18 00 06 00 09 00 25 B8 ED 03 2C A3 CC 00 A4 01 61 00 00 00 00 00 00 00 00 00 00 
00 00 01 00 03 18 00 06 00 0A 00 00 00 00 00 10 40 E5 00 FF 01 60 00 00 00 00 00 00 00 00 00 00 
00 00 01 00 03 18 00 06 00 0B 03 1B 70 CF 00 10 48 F7 00 FF 01 60 00 00 00 00 00 00 00 00 00 00 
00 00 01 00 03 18 00 06 00 0C 03 24 8F AB 00 19 67 D0 00 98 01 5F 00 00 00 00 00 00 00 00 00 00 
00 00 01 00 03 18 00 06 00 0D 03 24 8F AB 00 1C 66 06 00 84 01 5F 00 00 00 00 00 00 00 00 00 00 
00 00 01 00 03 18 00 06 00 0E 03 24 8F AB 00 1F 7B 17 00 58 01 5F 00 00 00 00 00 00 00 00 00 00 
00 00 01 00 03 18 00 06 00 0F 03 24 8F AB 00 1F 97 81 00 A0 01 5F 00 00 00 00 00 00 00 00 00 00 
00 00 01 00 03 18 00 06 00 10 03 2B 0A 7F 00 1F E2 A3 00 CC 01 5F 00 00 00 00 00 00 00 00 00 00 
00 00 01 00 03 18 00 06 00 11 03 2C 91 F1 00 21 6A 16 00 E0 01 5E 00 00 00 00 00 00 00 00 00 00 
00 00 01 00 03 18 00 06 00 12 03 2C 91 F1 00 25 5E D9 00 D8 01 5F 00 00 00 00 00 00 00 00 00 00 
00 00 01 00 03 18 00 06 00 13 03 30 F4 0B 00 25 CC 2F 00 E0 01 5F 00 00 00 00 00 00 00 00 00 00 
00 00 04 00 03 18 00 06 00 00 00 00 00 00 00 00 00 00 00 00 00 00 00 00 00 00 00 00 00 00 00 00 
00 00 04 00 03 18 00 06 00 00 00 00 00 00 00 00 00 00 00 00 00 00 00 00 00 00 00 00 00 00 00 00 
00 00 03 00 04 18 00 06 00 00 00 00 00 00 01 81 39 53 05 FF 01 60 00 00 00 00 00 00 00 00 00 00 
00 00 03 00 04 18 00 06 00 00 00 00 00 00 01 81 39 53 05 FF 01 60 00 00 00 00 00 00 00 00 00 00 
00 00 04 00 03 18 00 06 00 02 00 00 00 00 00 00 00 00 00 00 00 00 00 00 00 00 00 00 00 00 00 00 
00 00 03 00 04 18 00 06 00 00 01 82 AC 2D 01 84 2D A7 05 FF 01 5F 00 00 00 00 00 00 00 00 00 00 
00 00 04 00 03 18 00 06 00 03 00 00 00 00 00 00 00 00 00 00 00 00 00 00 00 00 00 00 00 00 00 00 
00 00 03 00 04 18 00 06 00 00 01 85 9B 15 01 87 05 F2 06 FF 01 5F 00 00 00 00 00 00 00 00 00 00 
00 00 04 00 03 18 00 06 00 04 00 00 00 00 00 00 00 00 00 00 00 00 00 00 00 00 00 00 00 00 00 00 
00 00 03 00 04 18 00 06 00 00 01 88 88 C3 01 8A 02 82 06 FF 01 5F 00 00 00 00 00 00 00 00 00 00 
00 00 04 00 03 18 00 06 00 05 00 00 00 00 00 00 00 00 00 00 00 00 00 00 00 00 00 00 00 00 00 00 
00 00 03 00 04 18 00 06 00 00 01 8B 87 94 01 8C FB DE 05 FF 01 5F 00 00 00 00 00 00 00 00 00 00 
00 00 04 00 03 18 00 06 00 06 00 00 00 00 00 00 00 00 00 00 00 00 00 00 00 00 00 00 00 00 00 00 
00 00 03 00 04 18 00 06 00 00 01 8E 6C A8 01 8F FA 32 05 FF 01 5F 00 00 00 00 00 00 00 00 00 00 
00 00 04 00 03 18 00 06 00 07 00 00 00 00 00 00 00 00 00 00 00 00 00 00 00 00 00 00 00 00 00 00 
00 00 03 00 04 18 00 06 00 00 01 91 86 AE 01 93 08 D0 05 FF 01 5F 00 00 00 00 00 00 00 00 00 00 
00 00 04 00 03 18 00 06 00 08 00 00 00 00 00 00 00 00 00 00 00 00 00 00 00 00 00 00 00 00 00 00 
00 00 03 00 04 18 00 06 00 00 01 94 8C 40 01 95 FA FB 05 FF 01 5F 00 00 00 00 00 00 00 00 00 00 
00 00 04 00 03 18 00 06 00 09 00 00 00 00 00 00 00 00 00 00 00 00 00 00 00 00 00 00 00 00 00 00 
00 00 03 00 04 18 00 06 00 00 01 97 73 50 01 98 E7 21 06 FF 01 5F 00 00 00 00 00 00 00 00 00 00 
00 00 01 00 03 18 00 06 00 00 00 0E D5 47 01 81 39 53 05 FF 00 00 00 00 00 00 00 00 00 00 00 00 
00 00 01 00 03 18 00 06 00 01 00 00 00 00 01 81 39 53 05 FF 01 D2 00 00 00 00 00 00 00 00 00 00 
00 00 01 00 03 18 00 06 00 02 00 11 C9 9A 01 84 2D A7 05 FF 01 61 00 00 00 00 00 00 00 00 00 00 
00 00 01 00 03 18 00 06 00 03 00 14 A1 E5 01 87 05 F2 06 FF 01 60 00 00 00 00 00 00 00 00 00 00 
00 00 01 00 03 18 00 06 00 04 00 17 9E 75 01 8A 02 82 06 FF 01 60 00 00 00 00 00 00 00 00 00 00 
00 00 01 00 03 18 00 06 00 05 00 1A 97 D0 01 8C FB DE 05 FF 01 61 00 00 00 00 00 00 00 00 00 00 
00 00 01 00 03 18 00 06 00 06 00 1D 96 23 01 8F FA 32 05 FF 01 60 00 00 00 00 00 00 00 00 00 00 
00 00 01 00 03 18 00 06 00 07 00 20 A4 C1 01 93 08 D0 05 FF 01 61 00 00 00 00 00 00 00 00 00 00 
00 00 01 00 03 18 00 06 00 08 00 23 96 EB 01 95 FA FB 05 FF 01 60 00 00 00 00 00 00 00 00 00 00 
00 00 01 00 03 18 00 06 00 09 00 26 83 11 01 98 E7 21 06 FF 01 61 00 00 00 00 00 00 00 00 00 00 
00 00 01 00 03 18 00 06 00 0A 00 00 00 00 00 10 40 0E 06 FF 01 60 00 00 00 00 00 00 00 00 00 00 
00 00 01 00 03 18 00 06 00 0B 01 82 AC 2D 00 10 48 1F 06 FF 01 60 00 00 00 00 00 00 00 00 00 00 
00 00 01 00 03 18 00 06 00 0C 01 85 9B 15 00 13 37 06 06 FF 01 5F 00 00 00 00 00 00 00 00 00 00 
00 00 01 00 03 18 00 06 00 0D 01 88 88 C3 00 16 24 B4 06 FF 01 5F 00 00 00 00 00 00 00 00 00 00 
00 00 01 00 03 18 00 06 00 0E 01 8B 87 94 00 19 23 85 06 FF 01 5F 00 00 00 00 00 00 00 00 00 00 
00 00 01 00 03 18 00 06 00 0F 01 8E 6C A8 00 1C 08 98 07 FF 01 5F 00 00 00 00 00 00 00 00 00 00 
00 00 01 00 03 18 00 06 00 10 01 91 86 AE 00 1F 22 9D 06 FF 01 5F 00 00 00 00 00 00 00 00 00 00 
00 00 01 00 03 18 00 06 00 11 01 94 8C 40 00 22 28 2F 06 FF 01 5F 00 00 00 00 00 00 00 00 00 00 
00 00 01 00 03 18 00 06 00 12 01 97 73 50 00 25 0F 3F 06 FF 01 5F 00 00 00 00 00 00 00 00 00 00 
00 00 01 00 03 18 00 06 00 13 00 00 00 00 00 28 03 FA 06 FF 01 5F 00 00 00 00 00 00 00 00 00 00 
