00 00 04 00 03 18 00 06 00 00 00 00 00 00 00 00 00 00 00 00 00 00 00 00 00 00 00 00 00 00 00 00 
00 00 04 00 03 18 00 06 00 00 00 00 00 00 00 00 00 00 00 00 00 00 00 00 00 00 00 00 00 00 00 00 
00 00 03 00 04 18 00 06 00 00 00 00 00 00 00 44 03 FC 09 FF 01 55 00 00 00 00 00 00 00 00 00 00 
00 00 03 00 04 18 00 06 00 00 00 00 00 00 00 44 03 FC 09 FF 01 55 00 00 00 00 00 00 00 00 00 00 
00 00 04 00 03 18 00 06 00 02 00 00 00 00 00 00 00 00 00 00 00 00 00 00 00 00 00 00 00 00 00 00 
00 00 03 00 04 18 00 06 00 00 00 45 76 06 00 46 F8 4E 09 FF 01 54 00 00 00 00 00 00 00 00 00 00 
00 00 04 00 03 18 00 06 00 03 00 00 00 00 00 00 00 00 00 00 00 00 00 00 00 00 00 00 00 00 00 00 
00 00 03 00 04 18 00 06 00 00 00 48 64 EC 00 49 D0 99 09 FF 01 54 00 00 00 00 00 00 00 00 00 00 
00 00 04 00 03 18 00 06 00 04 00 00 00 00 00 00 00 00 00 00 00 00 00 00 00 00 00 00 00 00 00 00 
00 00 03 00 04 18 00 06 00 00 00 4B 56 1E 00 4C CD 29 08 FF 01 54 00 00 00 00 00 00 00 00 00 00 
00 00 04 00 03 18 00 06 00 05 00 00 00 00 00 00 00 00 00 00 00 00 00 00 00 00 00 00 00 00 00 00 
00 00 03 00 04 18 00 06 00 00 00 4E 51 69 00 4F C2 FE 08 FF 01 54 00 00 00 00 00 00 00 00 00 00 
00 00 04 00 03 18 00 06 00 06 00 00 00 00 00 00 00 00 00 00 00 00 00 00 00 00 00 00 00 00 00 00 
00 00 03 00 04 18 00 06 00 00 00 51 32 F9 00 52 C1 51 09 FF 01 54 00 00 00 00 00 00 00 00 00 00 
00 00 04 00 03 18 00 06 00 07 00 00 00 00 00 00 00 00 00 00 00 00 00 00 00 00 00 00 00 00 00 00 
00 00 03 00 04 18 00 06 00 00 00 54 4C FE 00 55 CF EF 08 FF 01 54 00 00 00 00 00 00 00 00 00 00 
00 00 04 00 03 18 00 06 00 08 00 00 00 00 00 00 00 00 00 00 00 00 00 00 00 00 00 00 00 00 00 00 
00 00 03 00 04 18 00 06 00 00 00 57 52 8F 00 58 C2 18 09 FF 01 54 00 00 00 00 00 00 00 00 00 00 
00 00 04 00 03 18 00 06 00 09 00 00 00 00 00 00 00 00 00 00 00 00 00 00 00 00 00 00 00 00 00 00 
00 00 03 00 04 18 00 06 00 00 00 5A 39 9D 00 5B AE 3F 09 FF 01 54 00 00 00 00 00 00 00 00 00 00 
00 00 01 00 03 18 00 06 00 00 00 0E D5 42 00 44 03 FC 09 FF 00 00 00 00 00 00 00 00 00 00 00 00 
00 00 01 00 03 18 00 06 00 01 00 00 00 00 00 44 03 FC 09 FF 01 C5 00 00 00 00 00 00 00 00 00 00 
00 00 01 00 03 18 00 06 00 02 00 11 C9 94 00 46 F8 4E 09 FF 01 5E 00 00 00 00 00 00 00 00 00 00 
00 00 01 00 03 18 00 06 00 03 00 14 A1 DE 00 49 D0 99 09 FF 01 5E 00 00 00 00 00 00 00 00 00 00 
00 00 01 00 03 18 00 06 00 04 00 17 9E 6D 00 4C CD 29 08 FF 01 5D 00 00 00 00 00 00 00 00 00 00 
00 00 01 00 03 18 00 06 00 05 00 1A 94 42 00 4F C2 FE 08 FF 01 5E 00 00 00 00 00 00 00 00 00 00 
00 00 01 00 03 18 00 06 00 06 00 1D 92 95 00 52 C1 51 09 FF 01 5D 00 00 00 00 00 00 00 00 00 00 
00 00 01 00 03 18 00 06 00 07 00 20 A1 32 00 55 CF EF 08 FF 01 5E 00 00 00 00 00 00 00 00 00 00 
00 00 01 00 03 18 00 06 00 08 00 23 93 5A 00 58 C2 18 09 FF 01 5D 00 00 00 00 00 00 00 00 00 00 
00 00 01 00 03 18 00 06 00 09 00 26 7F 80 00 5B AE 3F 09 FF 01 5E 00 00 00 00 00 00 00 00 00 00 
00 00 01 00 03 18 00 06 00 0A 00 00 00 00 00 10 3F 39 09 FF 01 55 00 00 00 00 00 00 00 00 00 00 
00 00 01 00 03 18 00 06 00 0B 00 45 76 06 00 10 47 49 0A FF 01 55 00 00 00 00 00 00 00 00 00 00 
00 00 01 00 03 18 00 06 00 0C 00 48 64 EC 00 13 36 30 09 FF 01 54 00 00 00 00 00 00 00 00 00 00 
00 00 01 00 03 18 00 06 00 0D 00 4B 56 1E 00 16 27 61 09 FF 01 54 00 00 00 00 00 00 00 00 00 00 
00 00 01 00 03 18 00 06 00 0E 00 4E 51 69 00 19 22 AC 0A FF 01 54 00 00 00 00 00 00 00 00 00 00 
00 00 01 00 03 18 00 06 00 0F 00 51 32 F9 00 1C 04 3A 09 FF 01 54 00 00 00 00 00 00 00 00 00 00 
00 00 01 00 03 18 00 06 00 10 00 54 4C FE 00 1F 1E 3F 09 FF 01 54 00 00 00 00 00 00 00 00 00 00 
00 00 01 00 03 18 00 06 00 11 00 57 52 8F 00 22 23 D0 09 FF 01 54 00 00 00 00 00 00 00 00 00 00 
00 00 01 00 03 18 00 06 00 12 00 5A 39 9D 00 25 0A DE 09 FF 01 54 00 00 00 00 00 00 00 00 00 00 
00 00 01 00 03 18 00 06 00 13 00 00 00 00 00 27 FF 99 09 FF 01 54 00 00 00 00 00 00 00 00 00 00 
00 00 04 00 03 18 00 06 00 00 00 00 00 00 00 00 00 00 00 00 00 00 00 00 00 00 00 00 00 00 00 00 
00 00 04 00 03 18 00 06 00 00 00 00 00 00 00 00 00 00 00 00 00 00 00 00 00 00 00 00 00 00 00 00 
00 00 03 00 04 18 00 06 00 00 00 5D 2E 5A 01 A0 97 1C 08 FF 01 55 00 00 00 00 00 00 00 00 00 00 
00 00 04 00 03 18 00 06 00 01 00 00 00 00 00 00 00 00 00 00 00 00 00 00 00 00 00 00 00 00 00 00 
00 00 03 00 04 18 00 06 00 00 01 A2 18 1A 01 A3 99 80 08 FF 01 55 00 00 00 00 00 00 00 00 00 00 
00 00 04 00 03 18 00 06 00 02 00 00 00 00 00 00 00 00 00 00 00 00 00 00 00 00 00 00 00 00 00 00 
00 00 03 00 04 18 00 06 00 00 01 A5 05 95 01 A6 71 CA 08 FF 01 54 00 00 00 00 00 00 00 00 00 00 
00 00 04 00 03 18 00 06 00 03 00 00 00 00 00 00 00 00 00 00 00 00 00 00 00 00 00 00 00 00 00 00 
00 00 03 00 04 18 00 06 00 00 01 A7 E6 63 01 A9 5C C5 08 FF 01 55 00 00 00 00 00 00 00 00 00 00 
00 00 04 00 03 18 00 06 00 04 00 00 00 00 00 00 00 00 00 00 00 00 00 00 00 00 00 00 00 00 00 00 
00 00 03 00 04 18 00 06 00 00 01 AA DE B3 01 AC 52 9B 08 FF 01 54 00 00 00 00 00 00 00 00 00 00 
00 00 04 00 03 18 00 06 00 05 00 00 00 00 00 00 00 00 00 00 00 00 00 00 00 00 00 00 00 00 00 00 
00 00 03 00 04 18 00 06 00 00 01 AD C1 56 01 AF 50 EF 08 FF 01 55 00 00 00 00 00 00 00 00 00 00 
00 00 04 00 03 18 00 06 00 06 00 00 00 00 00 00 00 00 00 00 00 00 00 00 00 00 00 00 00 00 00 00 
00 00 03 00 04 18 00 06 00 00 01 B0 BF A7 01 B2 43 6C 08 FF 01 54 00 00 00 00 00 00 00 00 00 00 
00 00 04 00 03 18 00 06 00 07 00 00 00 00 00 00 00 00 00 00 00 00 00 00 00 00 00 00 00 00 00 00 
00 00 03 00 04 18 00 06 00 00 01 B3 C4 3C 01 B5 32 10 08 FF 01 55 00 00 00 00 00 00 00 00 00 00 
00 00 04 00 03 18 00 06 00 08 00 00 00 00 00 00 00 00 00 00 00 00 00 00 00 00 00 00 00 00 00 00 
00 00 03 00 04 18 00 06 00 00 01 B6 BA 3E 01 B8 2F CB 08 FF 01 54 00 00 00 00 00 00 00 00 00 00 
00 00 04 00 03 18 00 06 00 09 00 00 00 00 00 00 00 00 00 00 00 00 00 00 00 00 00 00 00 00 00 00 
00 00 03 00 04 18 00 06 00 00 01 B9 BC ED 01 BB 38 8B 07 FF 01 55 00 00 00 00 00 00 00 00 00 00 
00 00 01 00 03 18 00 06 00 00 00 0E D5 43 01 A0 97 1C 08 FF 00 00 00 00 00 00 00 00 00 00 00 00 
00 00 01 00 03 18 00 06 00 01 00 11 D7 A5 01 A3 99 80 08 FF 01 C3 00 00 00 00 00 00 00 00 00 00 
00 00 01 00 03 18 00 06 00 02 00 14 AF EF 01 A6 71 CA 08 FF 01 5E 00 00 00 00 00 00 00 00 00 00 
00 00 01 00 03 18 00 06 00 03 00 17 9A EA 01 A9 5C C5 08 FF 01 5E 00 00 00 00 00 00 00 00 00 00 
00 00 01 00 03 18 00 06 00 04 00 1A 90 BF 01 AC 52 9B 08 FF 01 5E 00 00 00 00 00 00 00 00 00 00 
00 00 01 00 03 18 00 06 00 05 00 1D 8F 12 01 AF 50 EF 08 FF 01 5E 00 00 00 00 00 00 00 00 00 00 
00 00 01 00 03 18 00 06 00 06 00 20 81 8E 01 B2 43 6C 08 FF 01 5E 00 00 00 00 00 00 00 00 00 00 
00 00 01 00 03 18 00 06 00 07 00 23 70 32 01 B5 32 10 08 FF 01 5E 00 00 00 00 00 00 00 00 00 00 
00 00 01 00 03 18 00 06 00 08 00 26 6D EC 01 B8 2F CB 08 FF 01 5E 00 00 00 00 00 00 00 00 00 00 
00 00 01 00 03 18 00 06 00 09 00 29 76 AD 01 BB 38 8B 07 FF 01 5E 00 00 00 00 00 00 00 00 00 00 
00 00 01 00 03 18 00 06 00 0A 01 A2 18 1A 00 10 56 3E 08 FF 01 55 00 00 00 00 00 00 00 00 00 00 
00 00 01 00 03 18 00 06 00 0B 01 A5 05 95 00 13 43 B8 09 FF 01 55 00 00 00 00 00 00 00 00 00 00 
00 00 01 00 03 18 00 06 00 0C 01 A7 E6 63 00 16 24 86 09 FF 01 54 00 00 00 00 00 00 00 00 00 00 
00 00 01 00 03 18 00 06 00 0D 01 AA DE B3 00 19 1C D5 09 FF 01 55 00 00 00 00 00 00 00 00 00 00 
00 00 01 00 03 18 00 06 00 0E 01 AD C1 56 00 1B FF 78 08 FF 01 54 00 00 00 00 00 00 00 00 00 00 
00 00 01 00 03 18 00 06 00 0F 01 B0 BF A7 00 1E FD C9 09 FF 01 55 00 00 00 00 00 00 00 00 00 00 
00 00 01 00 03 18 00 06 00 10 01 B3 C4 3C 00 22 02 5D 08 FF 01 54 00 00 00 00 00 00 00 00 00 00 
00 00 01 00 03 18 00 06 00 11 01 B6 BA 3E 00 24 F8 5F 08 FF 01 55 00 00 00 00 00 00 00 00 00 00 
00 00 01 00 03 18 00 06 00 12 01 B9 BC ED 00 27 FB 0D 08 FF 01 54 00 00 00 00 00 00 00 00 00 00 
00 00 01 00 03 18 00 06 00 13 00 00 00 00 00 2B 01 EB 08 FF 01 55 00 00 00 00 00 00 00 00 00 00 
00 00 04 00 03 18 00 06 00 00 00 00 00 00 00 00 00 00 00 00 00 00 00 00 00 00 00 00 00 00 00 00 
00 00 04 00 03 18 00 06 00 00 00 00 00 00 00 00 00 00 00 00 00 00 00 00 00 00 00 00 00 00 00 00 
00 00 03 00 04 18 00 06 00 00 01 BC C3 CC 02 F9 CC D4 08 FF 01 56 00 00 00 00 00 00 00 00 00 00 
00 00 04 00 03 18 00 06 00 01 00 00 00 00 00 00 00 00 00 00 00 00 00 00 00 00 00 00 00 00 00 00 
00 00 03 00 04 18 00 06 00 00 02 FB 39 AB 02 FC BA 1D 08 FF 01 55 00 00 00 00 00 00 00 00 00 00 
00 00 04 00 03 18 00 06 00 02 00 00 00 00 00 00 00 00 00 00 00 00 00 00 00 00 00 00 00 00 00 00 
00 00 03 00 04 18 00 06 00 00 02 FE 37 48 02 FF A3 FD 08 FF 01 55 00 00 00 00 00 00 00 00 00 00 
00 00 04 00 03 18 00 06 00 03 00 00 00 00 00 00 00 00 00 00 00 00 00 00 00 00 00 00 00 00 00 00 
00 00 03 00 04 18 00 06 00 00 03 01 11 20 03 02 87 F0 08 FF 01 55 00 00 00 00 00 00 00 00 00 00 
00 00 04 00 03 18 00 06 00 04 00 00 00 00 00 00 00 00 00 00 00 00 00 00 00 00 00 00 00 00 00 00 
00 00 03 00 04 18 00 06 00 00 03 04 0B 0F 03 05 7D C7 08 FF 01 55 00 00 00 00 00 00 00 00 00 00 
00 00 04 00 03 18 00 06 00 05 00 00 00 00 00 00 00 00 00 00 00 00 00 00 00 00 00 00 00 00 00 00 
00 00 03 00 04 18 00 06 00 00 03 06 EE 7D 03 08 7C 1A 08 FF 01 55 00 00 00 00 00 00 00 00 00 00 
00 00 04 00 03 18 00 06 00 06 00 00 00 00 00 00 00 00 00 00 00 00 00 00 00 00 00 00 00 00 00 00 
00 00 03 00 04 18 00 06 00 00 03 09 EA 36 03 0B 6E 97 08 FF 01 54 00 00 00 00 00 00 00 00 00 00 
00 00 04 00 03 18 00 06 00 07 00 00 00 00 00 00 00 00 00 00 00 00 00 00 00 00 00 00 00 00 00 00 
00 00 03 00 04 18 00 06 00 00 03 0C DB B3 03 0E 4B A6 08 FF 01 55 00 00 00 00 00 00 00 00 00 00 
00 00 04 00 03 18 00 06 00 08 00 00 00 00 00 00 00 00 00 00 00 00 00 00 00 00 00 00 00 00 00 00 
00 00 03 00 04 18 00 06 00 00 03 0F D3 BE 03 11 49 61 08 FF 01 55 00 00 00 00 00 00 00 00 00 00 
00 00 04 00 03 18 00 06 00 09 00 00 00 00 00 00 00 00 00 00 00 00 00 00 00 00 00 00 00 00 00 00 
00 00 03 00 04 18 00 06 00 00 03 12 CB 80 03 14 47 95 08 FF 01 55 00 00 00 00 00 00 00 00 00 00 
00 00 01 00 03 18 00 06 00 00 00 0E D5 42 02 F9 CC D4 08 FF 00 00 00 00 00 00 00 00 00 00 00 00 
00 00 01 00 03 18 00 06 00 01 00 11 C2 8B 02 FC BA 1D 08 FF 01 C2 00 00 00 00 00 00 00 00 00 00 
00 00 01 00 03 18 00 06 00 02 00 14 AC 6A 02 FF A3 FD 08 FF 01 5E 00 00 00 00 00 00 00 00 00 00 
00 00 01 00 03 18 00 06 00 03 00 17 90 5D 03 02 87 F0 08 FF 01 5E 00 00 00 00 00 00 00 00 00 00 
00 00 01 00 03 18 00 06 00 04 00 1A 86 32 03 05 7D C7 08 FF 01 5E 00 00 00 00 00 00 00 00 00 00 
00 00 01 00 03 18 00 06 00 05 00 1D 84 85 03 08 7C 1A 08 FF 01 5E 00 00 00 00 00 00 00 00 00 00 
00 00 01 00 03 18 00 06 00 06 00 20 77 01 03 0B 6E 97 08 FF 01 5E 00 00 00 00 00 00 00 00 00 00 
00 00 01 00 03 18 00 06 00 07 00 23 54 10 03 0E 4B A6 08 FF 01 5E 00 00 00 00 00 00 00 00 00 00 
00 00 01 00 03 18 00 06 00 08 00 26 51 CA 03 11 49 61 08 FF 01 5E 00 00 00 00 00 00 00 00 00 00 
00 00 01 00 03 18 00 06 00 09 00 29 4F FE 03 14 47 95 08 FF 01 5E 00 00 00 00 00 00 00 00 00 00 
00 00 01 00 03 18 00 06 00 0A 02 FB 39 AB 00 10 42 17 09 FF 01 56 00 00 00 00 00 00 00 00 00 00 
00 00 01 00 03 18 00 06 00 0B 02 FE 37 48 00 13 3F B4 09 FF 01 55 00 00 00 00 00 00 00 00 00 00 
00 00 01 00 03 18 00 06 00 0C 03 01 11 20 00 16 19 8B 0A FF 01 55 00 00 00 00 00 00 00 00 00 00 
00 00 01 00 03 18 00 06 00 0D 03 04 0B 0F 00 19 13 79 08 FF 01 55 00 00 00 00 00 00 00 00 00 00 
00 00 01 00 03 18 00 06 00 0E 03 06 EE 7D 00 1B F6 E7 09 FF 01 55 00 00 00 00 00 00 00 00 00 00 
00 00 01 00 03 18 00 06 00 0F 03 09 EA 36 00 1E F2 9F 09 FF 01 55 00 00 00 00 00 00 00 00 00 00 
00 00 01 00 03 18 00 06 00 10 03 0C DB B3 00 21 E4 1B 09 FF 01 54 00 00 00 00 00 00 00 00 00 00 
00 00 01 00 03 18 00 06 00 11 03 0F D3 BE 00 24 DC 26 09 FF 01 55 00 00 00 00 00 00 00 00 00 00 
00 00 01 00 03 18 00 06 00 12 03 12 CB 80 00 27 D3 E8 09 FF 01 55 00 00 00 00 00 00 00 00 00 00 
00 00 01 00 03 18 00 06 00 13 00 00 00 00 00 2A C7 F6 09 FF 01 55 00 00 00 00 00 00 00 00 00 00 
00 00 04 00 03 18 00 06 00 00 00 00 00 00 00 00 00 00 00 00 00 00 00 00 00 00 00 00 00 00 00 00 
00 00 04 00 03 18 00 06 00 00 00 00 00 00 00 00 00 00 00 00 00 00 00 00 00 00 00 00 00 00 00 00 
00 00 03 00 04 18 00 06 00 00 03 15 BF 8F 04 D6 41 F8 09 FF 01 56 00 00 00 00 00 00 00 00 00 00 
00 00 04 00 03 18 00 06 00 01 00 00 00 00 00 00 00 00 00 00 00 00 00 00 00 00 00 00 00 00 00 00 
00 00 03 00 04 18 00 06 00 00 04 D7 BE D5 04 D9 40 D7 09 FF 01 55 00 00 00 00 00 00 00 00 00 00 
00 00 04 00 03 18 00 06 00 02 00 00 00 00 00 00 00 00 00 00 00 00 00 00 00 00 00 00 00 00 00 00 
00 00 03 00 04 18 00 06 00 00 04 DA CC F2 04 DC 38 C6 09 FF 01 55 00 00 00 00 00 00 00 00 00 00 
00 00 04 00 03 18 00 06 00 03 00 00 00 00 00 00 00 00 00 00 00 00 00 00 00 00 00 00 00 00 00 00 
00 00 03 00 04 18 00 06 00 00 04 DD BF 6E 04 DF 38 DB 09 FF 01 55 00 00 00 00 00 00 00 00 00 00 
00 00 04 00 03 18 00 06 00 04 00 00 00 00 00 00 00 00 00 00 00 00 00 00 00 00 00 00 00 00 00 00 
00 00 03 00 04 18 00 06 00 00 04 E0 A7 35 04 E2 19 97 09 FF 01 55 00 00 00 00 00 00 00 00 00 00 
00 00 04 00 03 18 00 06 00 05 00 00 00 00 00 00 00 00 00 00 00 00 00 00 00 00 00 00 00 00 00 00 
00 00 03 00 04 18 00 06 00 00 04 E3 8B C4 04 E5 1B 70 08 FF 01 55 00 00 00 00 00 00 00 00 00 00 
00 00 04 00 03 18 00 06 00 06 00 00 00 00 00 00 00 00 00 00 00 00 00 00 00 00 00 00 00 00 00 00 
00 00 03 00 04 18 00 06 00 00 04 E6 9F BC 04 E8 23 04 08 FF 01 55 00 00 00 00 00 00 00 00 00 00 
00 00 04 00 03 18 00 06 00 07 00 00 00 00 00 00 00 00 00 00 00 00 00 00 00 00 00 00 00 00 00 00 
00 00 03 00 04 18 00 06 00 00 04 E9 9E BB 04 EB 0E 26 08 FF 01 55 00 00 00 00 00 00 00 00 00 00 
00 00 04 00 03 18 00 06 00 08 00 00 00 00 00 00 00 00 00 00 00 00 00 00 00 00 00 00 00 00 00 00 
00 00 03 00 04 18 00 06 00 00 04 EC 8E C6 04 EE 04 D7 09 FF 01 55 00 00 00 00 00 00 00 00 00 00 
00 00 04 00 03 18 00 06 00 09 00 00 00 00 00 00 00 00 00 00 00 00 00 00 00 00 00 00 00 00 00 00 
00 00 03 00 04 18 00 06 00 00 04 EF 74 7B 04 F0 F1 77 09 FF 01 55 00 00 00 00 00 00 00 00 00 00 
00 00 01 00 03 18 00 06 00 00 00 0E D5 43 04 D6 41 F8 09 FF 00 00 00 00 00 00 00 00 00 00 00 00 
00 00 01 00 03 18 00 06 00 01 00 11 D4 21 04 D9 40 D7 09 FF 01 C3 00 00 00 00 00 00 00 00 00 00 
00 00 01 00 03 18 00 06 00 02 00 14 CC 10 04 DC 38 C6 09 FF 01 5E 00 00 00 00 00 00 00 00 00 00 
00 00 01 00 03 18 00 06 00 03 00 17 CC 24 04 DF 38 DB 09 FF 01 5E 00 00 00 00 00 00 00 00 00 00 
00 00 01 00 03 18 00 06 00 04 00 1A AC E0 04 E2 19 97 09 FF 01 5E 00 00 00 00 00 00 00 00 00 00 
00 00 01 00 03 18 00 06 00 05 00 1D AE B7 04 E5 1B 70 08 FF 01 5E 00 00 00 00 00 00 00 00 00 00 
00 00 01 00 03 18 00 06 00 06 00 20 B6 4C 04 E8 23 04 08 FF 01 5E 00 00 00 00 00 00 00 00 00 00 
00 00 01 00 03 18 00 06 00 07 00 23 A1 6C 04 EB 0E 26 08 FF 01 5E 00 00 00 00 00 00 00 00 00 00 
00 00 01 00 03 18 00 06 00 08 00 26 98 1D 04 EE 04 D7 09 FF 01 5E 00 00 00 00 00 00 00 00 00 00 
00 00 01 00 03 18 00 06 00 09 00 29 84 BD 04 F0 F1 77 09 FF 01 5E 00 00 00 00 00 00 00 00 00 00 
00 00 01 00 03 18 00 06 00 0A 04 D7 BE D5 00 10 52 1E 09 FF 01 56 00 00 00 00 00 00 00 00 00 00 
00 00 01 00 03 18 00 06 00 0B 04 DA CC F2 00 13 60 3A 0A FF 01 55 00 00 00 00 00 00 00 00 00 00 
00 00 01 00 03 18 00 06 00 0C 04 DD BF 6E 00 16 52 B6 0A FF 01 55 00 00 00 00 00 00 00 00 00 00 
00 00 01 00 03 18 00 06 00 0D 04 E0 A7 35 00 19 3A 7C 09 FF 01 55 00 00 00 00 00 00 00 00 00 00 
00 00 01 00 03 18 00 06 00 0E 04 E3 8B C4 00 1C 1F 0A 0A FF 01 55 00 00 00 00 00 00 00 00 00 00 
00 00 01 00 03 18 00 06 00 0F 04 E6 9F BC 00 1F 33 02 0A FF 01 55 00 00 00 00 00 00 00 00 00 00 
00 00 01 00 03 18 00 06 00 10 04 E9 9E BB 00 22 32 00 09 FF 01 55 00 00 00 00 00 00 00 00 00 00 
00 00 01 00 03 18 00 06 00 11 04 EC 8E C6 00 25 22 0B 09 FF 01 55 00 00 00 00 00 00 00 00 00 00 
00 00 01 00 03 18 00 06 00 12 04 EF 74 7B 00 28 07 C0 09 FF 01 55 00 00 00 00 00 00 00 00 00 00 
00 00 01 00 03 18 00 06 00 13 00 00 00 00 00 2A F2 B3 09 FF 01 55 00 00 00 00 00 00 00 00 00 00 
00 00 04 00 03 18 00 06 00 00 00 00 00 00 00 00 00 00 00 00 00 00 00 00 00 00 00 00 00 00 00 00 
00 00 04 00 03 18 00 06 00 00 00 00 00 00 00 00 00 00 00 00 00 00 00 00 00 00 00 00 00 00 00 00 
00 00 03 00 04 18 00 06 00 00 04 F2 5F 6F 06 90 05 90 08 FF 01 56 00 00 00 00 00 00 00 00 00 00 
00 00 04 00 03 18 00 06 00 01 00 00 00 00 00 00 00 00 00 00 00 00 00 00 00 00 00 00 00 00 00 00 
00 00 03 00 04 18 00 06 00 00 06 91 86 58 06 93 07 F3 08 FF 01 56 00 00 00 00 00 00 00 00 00 00 
00 00 04 00 03 18 00 06 00 02 00 00 00 00 00 00 00 00 00 00 00 00 00 00 00 00 00 00 00 00 00 00 
00 00 03 00 04 18 00 06 00 00 06 94 75 80 06 95 E0 3E 09 FF 01 55 00 00 00 00 00 00 00 00 00 00 
00 00 04 00 03 18 00 06 00 03 00 00 00 00 00 00 00 00 00 00 00 00 00 00 00 00 00 00 00 00 00 00 
00 00 03 00 04 18 00 06 00 00 06 97 53 B4 06 98 CB 39 08 FF 01 56 00 00 00 00 00 00 00 00 00 00 
00 00 04 00 03 18 00 06 00 04 00 00 00 00 00 00 00 00 00 00 00 00 00 00 00 00 00 00 00 00 00 00 
00 00 03 00 04 18 00 06 00 00 06 9A 55 F2 06 9B C8 17 08 FF 01 58 00 00 00 00 00 00 00 00 00 00 
00 00 04 00 03 18 00 06 00 05 00 00 00 00 00 00 00 00 00 00 00 00 00 00 00 00 00 00 00 00 00 00 
00 00 03 00 04 18 00 06 00 00 06 9D 58 19 06 9E E6 10 09 FF 01 56 00 00 00 00 00 00 00 00 00 00 
00 00 04 00 03 18 00 06 00 06 00 00 00 00 00 00 00 00 00 00 00 00 00 00 00 00 00 00 00 00 00 00 
00 00 03 00 04 18 00 06 00 00 06 A0 6A F4 06 A1 F1 2A 08 FF 01 55 00 00 00 00 00 00 00 00 00 00 
00 00 04 00 03 18 00 06 00 07 00 00 00 00 00 00 00 00 00 00 00 00 00 00 00 00 00 00 00 00 00 00 
00 00 03 00 04 18 00 06 00 00 06 A3 61 16 06 A4 D1 BD 08 FF 01 56 00 00 00 00 00 00 00 00 00 00 
00 00 04 00 03 18 00 06 00 08 00 00 00 00 00 00 00 00 00 00 00 00 00 00 00 00 00 00 00 00 00 00 
00 00 03 00 04 18 00 06 00 00 06 A6 43 94 06 A7 BA 5E 08 FF 01 55 00 00 00 00 00 00 00 00 00 00 
00 00 04 00 03 18 00 06 00 09 00 00 00 00 00 00 00 00 00 00 00 00 00 00 00 00 00 00 00 00 00 00 
00 00 03 00 04 18 00 06 00 00 06 A9 47 D1 06 AA C3 20 08 FF 01 56 00 00 00 00 00 00 00 00 00 00 
00 00 01 00 03 18 00 06 00 00 00 0E D5 42 06 90 05 90 08 FF 00 00 00 00 00 00 00 00 00 00 00 00 
00 00 01 00 03 18 00 06 00 01 00 11 D7 A4 06 93 07 F3 08 FF 01 C1 00 00 00 00 00 00 00 00 00 00 
00 00 01 00 03 18 00 06 00 02 00 14 AF EE 06 95 E0 3E 09 FF 01 5E 00 00 00 00 00 00 00 00 00 00 
00 00 01 00 03 18 00 06 00 03 00 17 9A E9 06 98 CB 39 08 FF 01 5E 00 00 00 00 00 00 00 00 00 00 
00 00 01 00 03 18 00 06 00 04 00 1A 97 C6 06 9B C8 17 08 FF 01 5E 00 00 00 00 00 00 00 00 00 00 
00 00 01 00 03 18 00 06 00 05 00 1D B5 BE 06 9E E6 10 09 FF 01 5E 00 00 00 00 00 00 00 00 00 00 
00 00 01 00 03 18 00 06 00 06 00 20 C0 D7 06 A1 F1 2A 08 FF 01 60 00 00 00 00 00 00 00 00 00 00 
00 00 01 00 03 18 00 06 00 07 00 23 A1 6A 06 A4 D1 BD 08 FF 01 5E 00 00 00 00 00 00 00 00 00 00 
00 00 01 00 03 18 00 06 00 08 00 26 8A 0B 06 A7 BA 5E 08 FF 01 5E 00 00 00 00 00 00 00 00 00 00 
00 00 01 00 03 18 00 06 00 09 00 29 92 CC 06 AA C3 20 08 FF 01 5E 00 00 00 00 00 00 00 00 00 00 
00 00 01 00 03 18 00 06 00 0A 06 91 86 58 00 10 56 08 09 FF 01 56 00 00 00 00 00 00 00 00 00 00 
00 00 01 00 03 18 00 06 00 0B 06 94 75 80 00 13 45 2F 09 FF 01 56 00 00 00 00 00 00 00 00 00 00 
00 00 01 00 03 18 00 06 00 0C 06 97 53 B4 00 16 23 63 09 FF 01 55 00 00 00 00 00 00 00 00 00 00 
00 00 01 00 03 18 00 06 00 0D 06 9A 55 F2 00 19 25 A0 09 FF 01 56 00 00 00 00 00 00 00 00 00 00 
00 00 01 00 03 18 00 06 00 0E 06 9D 58 19 00 1C 27 C6 09 FF 01 58 00 00 00 00 00 00 00 00 00 00 
00 00 01 00 03 18 00 06 00 0F 06 A0 6A F4 00 1F 3A A0 09 FF 01 56 00 00 00 00 00 00 00 00 00 00 
00 00 01 00 03 18 00 06 00 10 06 A3 61 16 00 22 30 C2 09 FF 01 55 00 00 00 00 00 00 00 00 00 00 
00 00 01 00 03 18 00 06 00 11 06 A6 43 94 00 25 13 3F 09 FF 01 56 00 00 00 00 00 00 00 00 00 00 
00 00 01 00 03 18 00 06 00 12 06 A9 47 D1 00 28 17 7C 09 FF 01 55 00 00 00 00 00 00 00 00 00 00 
00 00 01 00 03 18 00 06 00 13 00 00 00 00 00 2B 17 FB 09 FF 01 56 00 00 00 00 00 00 00 00 00 00 
00 00 04 00 03 18 00 06 00 00 00 00 00 00 00 00 00 00 00 00 00 00 00 00 00 00 00 00 00 00 00 00 
00 00 04 00 03 18 00 06 00 00 00 00 00 00 00 00 00 00 00 00 00 00 00 00 00 00 00 00 00 00 00 00 
00 00 03 00 04 18 00 06 00 00 06 AC 48 51 07 A0 9B 23 07 FF 01 56 00 00 00 00 00 00 00 00 00 00 
00 00 04 00 03 18 00 06 00 01 00 00 00 00 00 00 00 00 00 00 00 00 00 00 00 00 00 00 00 00 00 00 
00 00 03 00 04 18 00 06 00 00 07 A2 1B BE 07 A3 9D 86 08 FF 01 56 00 00 00 00 00 00 00 00 00 00 
00 00 04 00 03 18 00 06 00 02 00 00 00 00 00 00 00 00 00 00 00 00 00 00 00 00 00 00 00 00 00 00 
00 00 03 00 04 18 00 06 00 00 07 A5 1D 93 07 A6 8A E9 08 FF 01 55 00 00 00 00 00 00 00 00 00 00 
00 00 04 00 03 18 00 06 00 03 00 00 00 00 00 00 00 00 00 00 00 00 00 00 00 00 00 00 00 00 00 00 
00 00 03 00 04 18 00 06 00 00 07 A7 F8 35 07 A9 6E DE 08 FF 01 56 00 00 00 00 00 00 00 00 00 00 
00 00 04 00 03 18 00 06 00 04 00 00 00 00 00 00 00 00 00 00 00 00 00 00 00 00 00 00 00 00 00 00 
00 00 03 00 04 18 00 06 00 00 07 AA FA C0 07 AC 6F 3F 07 FF 01 55 00 00 00 00 00 00 00 00 00 00 
00 00 04 00 03 18 00 06 00 05 00 00 00 00 00 00 00 00 00 00 00 00 00 00 00 00 00 00 00 00 00 00 
00 00 03 00 04 18 00 06 00 00 07 AD E2 FF 07 AF 71 17 08 FF 01 56 00 00 00 00 00 00 00 00 00 00 
00 00 04 00 03 18 00 06 00 06 00 00 00 00 00 00 00 00 00 00 00 00 00 00 00 00 00 00 00 00 00 00 
00 00 03 00 04 18 00 06 00 00 07 B0 FE 1F 07 B2 86 BC 08 FF 01 55 00 00 00 00 00 00 00 00 00 00 
00 00 04 00 03 18 00 06 00 07 00 00 00 00 00 00 00 00 00 00 00 00 00 00 00 00 00 00 00 00 00 00 
00 00 03 00 04 18 00 06 00 00 07 B4 11 29 07 B5 7F EE 08 FF 01 56 00 00 00 00 00 00 00 00 00 00 
00 00 04 00 03 18 00 06 00 08 00 00 00 00 00 00 00 00 00 00 00 00 00 00 00 00 00 00 00 00 00 00 
00 00 03 00 04 18 00 06 00 00 07 B6 EB AC 07 B8 61 86 08 FF 01 55 00 00 00 00 00 00 00 00 00 00 
00 00 04 00 03 18 00 06 00 09 00 00 00 00 00 00 00 00 00 00 00 00 00 00 00 00 00 00 00 00 00 00 
00 00 03 00 04 18 00 06 00 00 07 B9 CD 8B 07 BB 4A A3 08 FF 01 56 00 00 00 00 00 00 00 00 00 00 
00 00 01 00 03 18 00 06 00 00 00 0E D5 42 07 A0 9B 23 07 FF 00 00 00 00 00 00 00 00 00 00 00 00 
00 00 01 00 03 18 00 06 00 01 00 11 D7 A4 07 A3 9D 86 08 FF 01 C0 00 00 00 00 00 00 00 00 00 00 
00 00 01 00 03 18 00 06 00 02 00 14 C5 07 07 A6 8A E9 08 FF 01 5E 00 00 00 00 00 00 00 00 00 00 
00 00 01 00 03 18 00 06 00 03 00 17 A8 FA 07 A9 6E DE 08 FF 01 5E 00 00 00 00 00 00 00 00 00 00 
00 00 01 00 03 18 00 06 00 04 00 1A A9 5B 07 AC 6F 3F 07 FF 01 5E 00 00 00 00 00 00 00 00 00 00 
00 00 01 00 03 18 00 06 00 05 00 1D AB 32 07 AF 71 17 08 FF 01 5E 00 00 00 00 00 00 00 00 00 00 
00 00 01 00 03 18 00 06 00 06 00 20 C0 D7 07 B2 86 BC 08 FF 01 60 00 00 00 00 00 00 00 00 00 00 
00 00 01 00 03 18 00 06 00 07 00 23 BA 08 07 B5 7F EE 08 FF 01 5E 00 00 00 00 00 00 00 00 00 00 
00 00 01 00 03 18 00 06 00 08 00 26 9B A0 07 B8 61 86 08 FF 01 5E 00 00 00 00 00 00 00 00 00 00 
00 00 01 00 03 18 00 06 00 09 00 29 84 BC 07 BB 4A A3 08 FF 01 5E 00 00 00 00 00 00 00 00 00 00 
00 00 01 00 03 18 00 06 00 0A 07 A2 1B BE 00 10 55 DB 08 FF 01 56 00 00 00 00 00 00 00 00 00 00 
00 00 01 00 03 18 00 06 00 0B 07 A5 1D 93 00 13 57 AF 08 FF 01 56 00 00 00 00 00 00 00 00 00 00 
00 00 01 00 03 18 00 06 00 0C 07 A7 F8 35 00 16 32 50 08 FF 01 55 00 00 00 00 00 00 00 00 00 00 
00 00 01 00 03 18 00 06 00 0D 07 AA FA C0 00 19 34 DA 09 FF 01 56 00 00 00 00 00 00 00 00 00 00 
00 00 01 00 03 18 00 06 00 0E 07 AD E2 FF 00 1C 1D 19 08 FF 01 55 00 00 00 00 00 00 00 00 00 00 
00 00 01 00 03 18 00 06 00 0F 07 B0 FE 1F 00 1F 38 38 08 FF 01 56 00 00 00 00 00 00 00 00 00 00 
00 00 01 00 03 18 00 06 00 10 07 B4 11 29 00 22 4B 42 08 FF 01 55 00 00 00 00 00 00 00 00 00 00 
00 00 01 00 03 18 00 06 00 11 07 B6 EB AC 00 25 25 C4 08 FF 01 56 00 00 00 00 00 00 00 00 00 00 
00 00 01 00 03 18 00 06 00 12 07 B9 CD 8B 00 28 07 A2 08 FF 01 55 00 00 00 00 00 00 00 00 00 00 
00 00 01 00 03 18 00 06 00 13 00 00 00 00 00 2B 08 75 09 FF 01 56 00 00 00 00 00 00 00 00 00 00 
00 00 04 00 03 18 00 06 00 00 00 00 00 00 00 00 00 00 00 00 00 00 00 00 00 00 00 00 00 00 00 00 
00 00 04 00 03 18 00 06 00 00 00 00 00 00 00 00 00 00 00 00 00 00 00 00 00 00 00 00 00 00 00 00 
00 00 03 00 04 18 00 06 00 00 07 BC CE 5E 08 8E 33 1F 06 FF 01 56 00 00 00 00 00 00 00 00 00 00 
00 00 04 00 03 18 00 06 00 01 00 00 00 00 00 00 00 00 00 00 00 00 00 00 00 00 00 00 00 00 00 00 
00 00 03 00 04 18 00 06 00 00 08 8F A5 4E 08 91 27 71 07 FF 01 56 00 00 00 00 00 00 00 00 00 00 
00 00 04 00 03 18 00 06 00 02 00 00 00 00 00 00 00 00 00 00 00 00 00 00 00 00 00 00 00 00 00 00 
00 00 03 00 04 18 00 06 00 00 08 92 A8 F2 08 94 14 D4 07 FF 01 55 00 00 00 00 00 00 00 00 00 00 
00 00 04 00 03 18 00 06 00 03 00 00 00 00 00 00 00 00 00 00 00 00 00 00 00 00 00 00 00 00 00 00 
00 00 03 00 04 18 00 06 00 00 08 95 88 6D 08 96 FF D0 07 FF 01 56 00 00 00 00 00 00 00 00 00 00 
00 00 04 00 03 18 00 06 00 04 00 00 00 00 00 00 00 00 00 00 00 00 00 00 00 00 00 00 00 00 00 00 
00 00 03 00 04 18 00 06 00 00 08 98 8C AB 08 9A 00 31 06 FF 01 55 00 00 00 00 00 00 00 00 00 00 
00 00 04 00 03 18 00 06 00 05 00 00 00 00 00 00 00 00 00 00 00 00 00 00 00 00 00 00 00 00 00 00 
00 00 03 00 04 18 00 06 00 00 08 9B 7F ED 08 9D 10 1A 06 FF 01 56 00 00 00 00 00 00 00 00 00 00 
00 00 04 00 03 18 00 06 00 06 00 00 00 00 00 00 00 00 00 00 00 00 00 00 00 00 00 00 00 00 00 00 
00 00 03 00 04 18 00 06 00 00 08 9E 82 79 08 A0 06 1A 06 FF 01 55 00 00 00 00 00 00 00 00 00 00 
00 00 04 00 03 18 00 06 00 07 00 00 00 00 00 00 00 00 00 00 00 00 00 00 00 00 00 00 00 00 00 00 
00 00 03 00 04 18 00 06 00 00 08 A1 70 28 08 A2 DF A7 06 FF 01 56 00 00 00 00 00 00 00 00 00 00 
00 00 04 00 03 18 00 06 00 08 00 00 00 00 00 00 00 00 00 00 00 00 00 00 00 00 00 00 00 00 00 00 
00 00 03 00 04 18 00 06 00 00 08 A4 69 16 08 A5 DD 61 07 FF 01 55 00 00 00 00 00 00 00 00 00 00 
00 00 04 00 03 18 00 06 00 09 00 00 00 00 00 00 00 00 00 00 00 00 00 00 00 00 00 00 00 00 00 00 
00 00 03 00 04 18 00 06 00 00 08 A7 68 7E 08 A8 E6 22 07 FF 01 56 00 00 00 00 00 00 00 00 00 00 
00 00 01 00 03 18 00 06 00 00 00 0E D5 42 08 8E 33 1F 06 FF 00 00 00 00 00 00 00 00 00 00 00 00 
00 00 01 00 03 18 00 06 00 01 00 11 C9 93 08 91 27 71 07 FF 01 C0 00 00 00 00 00 00 00 00 00 00 
00 00 01 00 03 18 00 06 00 02 00 14 B6 F6 08 94 14 D4 07 FF 01 5E 00 00 00 00 00 00 00 00 00 00 
00 00 01 00 03 18 00 06 00 03 00 17 A1 F1 08 96 FF D0 07 FF 01 5E 00 00 00 00 00 00 00 00 00 00 
00 00 01 00 03 18 00 06 00 04 00 1A A2 52 08 9A 00 31 06 FF 01 5E 00 00 00 00 00 00 00 00 00 00 
00 00 01 00 03 18 00 06 00 05 00 1D B2 3A 08 9D 10 1A 06 FF 01 5E 00 00 00 00 00 00 00 00 00 00 
00 00 01 00 03 18 00 06 00 06 00 20 A8 3A 08 A0 06 1A 06 FF 01 5E 00 00 00 00 00 00 00 00 00 00 
00 00 01 00 03 18 00 06 00 07 00 23 81 C5 08 A2 DF A7 06 FF 01 5E 00 00 00 00 00 00 00 00 00 00 
00 00 01 00 03 18 00 06 00 08 00 26 7F 7F 08 A5 DD 61 07 FF 01 5E 00 00 00 00 00 00 00 00 00 00 
00 00 01 00 03 18 00 06 00 09 00 29 88 3F 08 A8 E6 22 07 FF 01 5E 00 00 00 00 00 00 00 00 00 00 
00 00 01 00 03 18 00 06 00 0A 08 8F A5 4E 00 10 47 6F 07 FF 01 56 00 00 00 00 00 00 00 00 00 00 
00 00 01 00 03 18 00 06 00 0B 08 92 A8 F2 00 13 4B 12 07 FF 01 56 00 00 00 00 00 00 00 00 00 00 
00 00 01 00 03 18 00 06 00 0C 08 95 88 6D 00 16 2A 8D 07 FF 01 55 00 00 00 00 00 00 00 00 00 00 
00 00 01 00 03 18 00 06 00 0D 08 98 8C AB 00 19 2E CA 08 FF 01 56 00 00 00 00 00 00 00 00 00 00 
00 00 01 00 03 18 00 06 00 0E 08 9B 7F ED 00 1C 22 0C 06 FF 01 55 00 00 00 00 00 00 00 00 00 00 
00 00 01 00 03 18 00 06 00 0F 08 9E 82 79 00 1F 24 96 06 FF 01 56 00 00 00 00 00 00 00 00 00 00 
00 00 01 00 03 18 00 06 00 10 08 A1 70 28 00 22 12 46 07 FF 01 55 00 00 00 00 00 00 00 00 00 00 
00 00 01 00 03 18 00 06 00 11 08 A4 69 16 00 25 0B 32 07 FF 01 56 00 00 00 00 00 00 00 00 00 00 
00 00 01 00 03 18 00 06 00 12 08 A7 68 7E 00 28 0A 9B 08 FF 01 55 00 00 00 00 00 00 00 00 00 00 
00 00 01 00 03 18 00 06 00 13 00 00 00 00 00 2B 14 90 08 FF 01 56 00 00 00 00 00 00 00 00 00 00 
00 00 04 00 03 18 00 06 00 00 00 00 00 00 00 00 00 00 00 00 00 00 00 00 00 00 00 00 00 00 00 00 
00 00 04 00 03 18 00 06 00 00 00 00 00 00 00 00 00 00 00 00 00 00 00 00 00 00 00 00 00 00 00 00 
00 00 03 00 04 18 00 06 00 00 08 AA 72 74 0A 54 A3 F9 07 FF 01 57 00 00 00 00 00 00 00 00 00 00 
00 00 04 00 03 18 00 06 00 01 00 00 00 00 00 00 00 00 00 00 00 00 00 00 00 00 00 00 00 00 00 00 
00 00 03 00 04 18 00 06 00 00 0A 56 1B 8E 0A 57 9B D1 07 FF 01 56 00 00 00 00 00 00 00 00 00 00 
00 00 04 00 03 18 00 06 00 02 00 00 00 00 00 00 00 00 00 00 00 00 00 00 00 00 00 00 00 00 00 00 
00 00 03 00 04 18 00 06 00 00 0A 59 0A 13 0A 5A 77 9F 07 FF 01 56 00 00 00 00 00 00 00 00 00 00 
00 00 04 00 03 18 00 06 00 03 00 00 00 00 00 00 00 00 00 00 00 00 00 00 00 00 00 00 00 00 00 00 
00 00 03 00 04 18 00 06 00 00 0A 5B E5 35 0A 5D 5B 94 07 FF 01 56 00 00 00 00 00 00 00 00 00 00 
00 00 04 00 03 18 00 06 00 04 00 00 00 00 00 00 00 00 00 00 00 00 00 00 00 00 00 00 00 00 00 00 
00 00 03 00 04 18 00 06 00 00 0A 5E DC F0 0A 60 51 68 07 FF 01 56 00 00 00 00 00 00 00 00 00 00 
00 00 04 00 03 18 00 06 00 05 00 00 00 00 00 00 00 00 00 00 00 00 00 00 00 00 00 00 00 00 00 00 
00 00 03 00 04 18 00 06 00 00 0A 61 BF 22 0A 63 4C 38 07 FF 01 56 00 00 00 00 00 00 00 00 00 00 
00 00 04 00 03 18 00 06 00 06 00 00 00 00 00 00 00 00 00 00 00 00 00 00 00 00 00 00 00 00 00 00 
00 00 03 00 04 18 00 06 00 00 0A 64 D4 74 0A 66 57 50 07 FF 01 56 00 00 00 00 00 00 00 00 00 00 
00 00 04 00 03 18 00 06 00 07 00 00 00 00 00 00 00 00 00 00 00 00 00 00 00 00 00 00 00 00 00 00 
00 00 03 00 04 18 00 06 00 00 0A 67 DE BB 0A 69 4C FD 07 FF 01 56 00 00 00 00 00 00 00 00 00 00 
00 00 04 00 03 18 00 06 00 08 00 00 00 00 00 00 00 00 00 00 00 00 00 00 00 00 00 00 00 00 00 00 
00 00 03 00 04 18 00 06 00 00 0A 6A BB 93 0A 6C 32 1B 07 FF 01 56 00 00 00 00 00 00 00 00 00 00 
00 00 04 00 03 18 00 06 00 09 00 00 00 00 00 00 00 00 00 00 00 00 00 00 00 00 00 00 00 00 00 00 
00 00 03 00 04 18 00 06 00 00 0A 6D AD 55 0A 6F 29 48 07 FF 01 56 00 00 00 00 00 00 00 00 00 00 
00 00 01 00 03 18 00 06 00 00 00 0E D5 41 0A 54 A3 F9 07 FF 00 00 00 00 00 00 00 00 00 00 00 00 
00 00 01 00 03 18 00 06 00 01 00 11 CD 18 0A 57 9B D1 07 FF 01 C0 00 00 00 00 00 00 00 00 00 00 
00 00 01 00 03 18 00 06 00 02 00 14 A8 E6 0A 5A 77 9F 07 FF 01 5E 00 00 00 00 00 00 00 00 00 00 
00 00 01 00 03 18 00 06 00 03 00 17 8C D9 0A 5D 5B 94 07 FF 01 5E 00 00 00 00 00 00 00 00 00 00 
00 00 01 00 03 18 00 06 00 04 00 1A 82 AD 0A 60 51 68 07 FF 01 5E 00 00 00 00 00 00 00 00 00 00 
00 00 01 00 03 18 00 06 00 05 00 1D 7D 7C 0A 63 4C 38 07 FF 01 5E 00 00 00 00 00 00 00 00 00 00 
00 00 01 00 03 18 00 06 00 06 00 20 88 95 0A 66 57 50 07 FF 01 5E 00 00 00 00 00 00 00 00 00 00 
00 00 01 00 03 18 00 06 00 07 00 23 7E 41 0A 69 4C FD 07 FF 01 5E 00 00 00 00 00 00 00 00 00 00 
00 00 01 00 03 18 00 06 00 08 00 26 63 5E 0A 6C 32 1B 07 FF 01 5E 00 00 00 00 00 00 00 00 00 00 
00 00 01 00 03 18 00 06 00 09 00 29 5A 8A 0A 6F 29 48 07 FF 01 5E 00 00 00 00 00 00 00 00 00 00 
00 00 01 00 03 18 00 06 00 0A 0A 56 1B 8E 00 10 4C D4 08 FF 01 57 00 00 00 00 00 00 00 00 00 00 
00 00 01 00 03 18 00 06 00 0B 0A 59 0A 13 00 13 3B 58 07 FF 01 56 00 00 00 00 00 00 00 00 00 00 
00 00 01 00 03 18 00 06 00 0C 0A 5B E5 35 00 16 16 79 08 FF 01 56 00 00 00 00 00 00 00 00 00 00 
00 00 01 00 03 18 00 06 00 0D 0A 5E DC F0 00 19 0E 34 07 FF 01 56 00 00 00 00 00 00 00 00 00 00 
00 00 01 00 03 18 00 06 00 0E 0A 61 BF 22 00 1B F0 65 08 FF 01 56 00 00 00 00 00 00 00 00 00 00 
00 00 01 00 03 18 00 06 00 0F 0A 64 D4 74 00 1F 05 B6 08 FF 01 56 00 00 00 00 00 00 00 00 00 00 
00 00 01 00 03 18 00 06 00 10 0A 67 DE BB 00 22 0F FE 08 FF 01 56 00 00 00 00 00 00 00 00 00 00 
00 00 01 00 03 18 00 06 00 11 0A 6A BB 93 00 24 EC D4 08 FF 01 56 00 00 00 00 00 00 00 00 00 00 
00 00 01 00 03 18 00 06 00 12 0A 6D AD 55 00 27 DE 96 08 FF 01 56 00 00 00 00 00 00 00 00 00 00 
00 00 01 00 03 18 00 06 00 13 00 00 00 00 00 2A DA 1F 08 FF 01 56 00 00 00 00 00 00 00 00 00 00 
00 00 04 00 03 18 00 06 00 00 00 00 00 00 00 00 00 00 00 00 00 00 00 00 00 00 00 00 00 00 00 00 
00 00 04 00 03 18 00 06 00 00 00 00 00 00 00 00 00 00 00 00 00 00 00 00 00 00 00 00 00 00 00 00 
00 00 03 00 04 18 00 06 00 00 0A 70 A8 DF 0B 7A 51 63 05 FF 01 57 00 00 00 00 00 00 00 00 00 00 
00 00 04 00 03 18 00 06 00 01 00 00 00 00 00 00 00 00 00 00 00 00 00 00 00 00 00 00 00 00 00 00 
00 00 03 00 04 18 00 06 00 00 0B 7B C6 4F 0B 7D 45 B6 05 FF 01 56 00 00 00 00 00 00 00 00 00 00 
00 00 04 00 03 18 00 06 00 02 00 00 00 00 00 00 00 00 00 00 00 00 00 00 00 00 00 00 00 00 00 00 
00 00 03 00 04 18 00 06 00 00 0B 7E B8 E3 0B 80 25 0A 05 FF 01 56 00 00 00 00 00 00 00 00 00 00 
00 00 04 00 03 18 00 06 00 03 00 00 00 00 00 00 00 00 00 00 00 00 00 00 00 00 00 00 00 00 00 00 
00 00 03 00 04 18 00 06 00 00 0B 81 97 2B 0B 83 10 03 05 FF 01 56 00 00 00 00 00 00 00 00 00 00 
00 00 04 00 03 18 00 06 00 04 00 00 00 00 00 00 00 00 00 00 00 00 00 00 00 00 00 00 00 00 00 00 
00 00 03 00 04 18 00 06 00 00 0B 84 8A F9 0B 85 FE D2 05 FF 01 56 00 00 00 00 00 00 00 00 00 00 
00 00 04 00 03 18 00 06 00 05 00 00 00 00 00 00 00 00 00 00 00 00 00 00 00 00 00 00 00 00 00 00 
00 00 03 00 04 18 00 06 00 00 0B 87 83 75 0B 89 12 3D 05 FF 01 56 00 00 00 00 00 00 00 00 00 00 
00 00 04 00 03 18 00 06 00 06 00 00 00 00 00 00 00 00 00 00 00 00 00 00 00 00 00 00 00 00 00 00 
00 00 03 00 04 18 00 06 00 00 0B 8A 8B 4E 0B 8C 0F 47 05 FF 01 56 00 00 00 00 00 00 00 00 00 00 
00 00 04 00 03 18 00 06 00 07 00 00 00 00 00 00 00 00 00 00 00 00 00 00 00 00 00 00 00 00 00 00 
00 00 03 00 04 18 00 06 00 00 0B 8D 96 51 0B 8F 04 F2 05 FF 01 56 00 00 00 00 00 00 00 00 00 00 
00 00 04 00 03 18 00 06 00 08 00 00 00 00 00 00 00 00 00 00 00 00 00 00 00 00 00 00 00 00 00 00 
00 00 03 00 04 18 00 06 00 00 0B 90 76 B8 0B 91 ED 95 06 FF 01 56 00 00 00 00 00 00 00 00 00 00 
00 00 04 00 03 18 00 06 00 09 00 00 00 00 00 00 00 00 00 00 00 00 00 00 00 00 00 00 00 00 00 00 
00 00 03 00 04 18 00 06 00 00 0B 93 6F 3A 0B 94 EB C9 06 F8 01 56 00 00 00 00 00 00 00 00 00 00 
00 00 01 00 03 18 00 06 00 00 00 0E D5 42 0B 7A 51 63 05 FF 00 00 00 00 00 00 00 00 00 00 00 00 
00 00 01 00 03 18 00 06 00 01 00 11 C9 94 0B 7D 45 B6 05 FF 01 BF 00 00 00 00 00 00 00 00 00 00 
00 00 01 00 03 18 00 06 00 02 00 14 A8 E7 0B 80 25 0A 05 FF 01 5E 00 00 00 00 00 00 00 00 00 00 
00 00 01 00 03 18 00 06 00 03 00 17 93 E1 0B 83 10 03 05 FF 01 5E 00 00 00 00 00 00 00 00 00 00 
00 00 01 00 03 18 00 06 00 04 00 1A 82 AE 0B 85 FE D2 05 FF 01 5E 00 00 00 00 00 00 00 00 00 00 
00 00 01 00 03 18 00 06 00 05 00 1D 96 19 0B 89 12 3D 05 FF 01 5E 00 00 00 00 00 00 00 00 00 00 
00 00 01 00 03 18 00 06 00 06 00 20 93 22 0B 8C 0F 47 05 FF 01 5E 00 00 00 00 00 00 00 00 00 00 
00 00 01 00 03 18 00 06 00 07 00 23 88 CE 0B 8F 04 F2 05 FF 01 5E 00 00 00 00 00 00 00 00 00 00 
00 00 01 00 03 18 00 06 00 08 00 26 71 6F 0B 91 ED 95 06 FF 01 5E 00 00 00 00 00 00 00 00 00 00 
00 00 01 00 03 18 00 06 00 09 00 29 6F A3 0B 94 EB C9 06 F8 01 5E 00 00 00 00 00 00 00 00 00 00 
00 00 01 00 03 18 00 06 00 0A 0B 7B C6 4F 00 10 4A 2C 07 FF 01 57 00 00 00 00 00 00 00 00 00 00 
00 00 01 00 03 18 00 06 00 0B 0B 7E B8 E3 00 13 3C BF 06 FF 01 56 00 00 00 00 00 00 00 00 00 00 
00 00 01 00 03 18 00 06 00 0C 0B 81 97 2B 00 16 1B 07 07 FF 01 56 00 00 00 00 00 00 00 00 00 00 
00 00 01 00 03 18 00 06 00 0D 0B 84 8A F9 00 19 0E D4 06 FF 01 56 00 00 00 00 00 00 00 00 00 00 
00 00 01 00 03 18 00 06 00 0E 0B 87 83 75 00 1C 07 4F 06 FF 01 56 00 00 00 00 00 00 00 00 00 00 
00 00 01 00 03 18 00 06 00 0F 0B 8A 8B 4E 00 1F 0F 28 06 FF 01 56 00 00 00 00 00 00 00 00 00 00 
00 00 01 00 03 18 00 06 00 10 0B 8D 96 51 00 22 1A 2B 06 FF 01 56 00 00 00 00 00 00 00 00 00 00 
00 00 01 00 03 18 00 06 00 11 0B 90 76 B8 00 24 FA 91 06 FF 01 56 00 00 00 00 00 00 00 00 00 00 
00 00 01 00 03 18 00 06 00 12 0B 93 6F 3A 00 27 F3 12 06 FF 01 56 00 00 00 00 00 00 00 00 00 00 
00 00 01 00 03 18 00 06 00 13 00 00 00 00 00 2A E6 58 07 FF 01 56 00 00 00 00 00 00 00 00 00 00 
00 00 04 00 03 18 00 06 00 00 00 00 00 00 00 00 00 00 00 00 00 00 00 00 00 00 00 00 00 00 00 00 
00 00 04 00 03 18 00 06 00 00 00 00 00 00 00 00 00 00 00 00 00 00 00 00 00 00 00 00 00 00 00 00 
00 00 03 00 04 18 00 06 00 00 0B 96 62 80 12 6B 68 2D 07 FF 01 58 00 00 00 00 00 00 00 00 00 00 
00 00 04 00 03 18 00 06 00 01 00 00 00 00 00 00 00 00 00 00 00 00 00 00 00 00 00 00 00 00 00 00 
00 00 03 00 04 18 00 06 00 00 12 6C F1 2D 12 6E 71 99 06 FF 01 57 00 00 00 00 00 00 00 00 00 00 
00 00 04 00 03 18 00 06 00 02 00 00 00 00 00 00 00 00 00 00 00 00 00 00 00 00 00 00 00 00 00 00 
00 00 03 00 04 18 00 06 00 00 12 6F F4 76 12 71 5E FC 06 FF 01 57 00 00 00 00 00 00 00 00 00 00 
00 00 04 00 03 18 00 06 00 03 00 00 00 00 00 00 00 00 00 00 00 00 00 00 00 00 00 00 00 00 00 00 
00 00 03 00 04 18 00 06 00 00 12 72 DC 64 12 74 54 84 06 FF 01 57 00 00 00 00 00 00 00 00 00 00 
00 00 04 00 03 18 00 06 00 04 00 00 00 00 00 00 00 00 00 00 00 00 00 00 00 00 00 00 00 00 00 00 
00 00 03 00 04 18 00 06 00 00 12 75 CD 45 12 77 3F CC 06 FF 01 57 00 00 00 00 00 00 00 00 00 00 
00 00 04 00 03 18 00 06 00 05 00 00 00 00 00 00 00 00 00 00 00 00 00 00 00 00 00 00 00 00 00 00 
00 00 03 00 04 18 00 06 00 00 12 78 BB EA 12 7A 4C 32 06 FF 01 57 00 00 00 00 00 00 00 00 00 00 
00 00 04 00 03 18 00 06 00 06 00 00 00 00 00 00 00 00 00 00 00 00 00 00 00 00 00 00 00 00 00 00 
00 00 03 00 04 18 00 06 00 00 12 7B C4 44 12 7D 45 B5 06 FF 01 57 00 00 00 00 00 00 00 00 00 00 
00 00 04 00 03 18 00 06 00 07 00 00 00 00 00 00 00 00 00 00 00 00 00 00 00 00 00 00 00 00 00 00 
00 00 03 00 04 18 00 06 00 00 12 7E BE B2 12 80 2D 52 06 FF 01 57 00 00 00 00 00 00 00 00 00 00 
00 00 04 00 03 18 00 06 00 08 00 00 00 00 00 00 00 00 00 00 00 00 00 00 00 00 00 00 00 00 00 00 
00 00 03 00 04 18 00 06 00 00 12 81 A1 5F 12 83 15 F4 06 FF 01 57 00 00 00 00 00 00 00 00 00 00 
00 00 04 00 03 18 00 06 00 09 00 00 00 00 00 00 00 00 00 00 00 00 00 00 00 00 00 00 00 00 00 00 
00 00 03 00 04 18 00 06 00 00 12 84 9C 63 12 86 17 AD 06 FF 01 57 00 00 00 00 00 00 00 00 00 00 
00 00 01 00 03 18 00 06 00 00 00 0E D5 42 12 6B 68 2D 07 FF 00 00 00 00 00 00 00 00 00 00 00 00 
00 00 01 00 03 18 00 06 00 01 00 11 DE AD 12 6E 71 99 06 FF 01 C1 00 00 00 00 00 00 00 00 00 00 
00 00 01 00 03 18 00 06 00 02 00 14 CC 10 12 71 5E FC 06 FF 01 5E 00 00 00 00 00 00 00 00 00 00 
00 00 01 00 03 18 00 06 00 03 00 17 C1 97 12 74 54 84 06 FF 01 5E 00 00 00 00 00 00 00 00 00 00 
00 00 01 00 03 18 00 06 00 04 00 1A AC DF 12 77 3F CC 06 FF 01 5E 00 00 00 00 00 00 00 00 00 00 
00 00 01 00 03 18 00 06 00 05 00 1D B9 43 12 7A 4C 32 06 FF 01 5E 00 00 00 00 00 00 00 00 00 00 
00 00 01 00 03 18 00 06 00 06 00 20 B2 C7 12 7D 45 B5 06 FF 01 5E 00 00 00 00 00 00 00 00 00 00 
00 00 01 00 03 18 00 06 00 07 00 23 9A 63 12 80 2D 52 06 FF 01 5E 00 00 00 00 00 00 00 00 00 00 
00 00 01 00 03 18 00 06 00 08 00 26 83 04 12 83 15 F4 06 FF 01 5E 00 00 00 00 00 00 00 00 00 00 
00 00 01 00 03 18 00 06 00 09 00 29 84 BC 12 86 17 AD 06 FF 01 5E 00 00 00 00 00 00 00 00 00 00 
00 00 01 00 03 18 00 06 00 0A 12 6C F1 2D 00 10 5E 40 06 FF 01 58 00 00 00 00 00 00 00 00 00 00 
00 00 01 00 03 18 00 06 00 0B 12 6F F4 76 00 13 61 88 07 FF 01 57 00 00 00 00 00 00 00 00 00 00 
00 00 01 00 03 18 00 06 00 0C 12 72 DC 64 00 16 49 76 07 FF 01 57 00 00 00 00 00 00 00 00 00 00 
00 00 01 00 03 18 00 06 00 0D 12 75 CD 45 00 19 3A 56 07 FF 01 57 00 00 00 00 00 00 00 00 00 00 
00 00 01 00 03 18 00 06 00 0E 12 78 BB EA 00 1C 28 FB 06 FF 01 57 00 00 00 00 00 00 00 00 00 00 
00 00 01 00 03 18 00 06 00 0F 12 7B C4 44 00 1F 31 54 07 FF 01 57 00 00 00 00 00 00 00 00 00 00 
00 00 01 00 03 18 00 06 00 10 12 7E BE B2 00 22 2B C2 07 FF 01 57 00 00 00 00 00 00 00 00 00 00 
00 00 01 00 03 18 00 06 00 11 12 81 A1 5F 00 25 0E 6E 06 FF 01 57 00 00 00 00 00 00 00 00 00 00 
00 00 01 00 03 18 00 06 00 12 12 84 9C 63 00 28 09 72 07 FF 01 57 00 00 00 00 00 00 00 00 00 00 
00 00 01 00 03 18 00 06 00 13 00 00 00 00 00 2B 0B EC 07 FF 01 57 00 00 00 00 00 00 00 00 00 00 
00 00 04 00 03 18 00 06 00 00 00 00 00 00 00 00 00 00 00 00 00 00 00 00 00 00 00 00 00 00 00 00 
00 00 04 00 03 18 00 06 00 00 00 00 00 00 00 00 00 00 00 00 00 00 00 00 00 00 00 00 00 00 00 00 
00 00 03 00 04 18 00 06 00 00 12 87 9E DF 13 97 BE FC 07 FF 01 58 00 00 00 00 00 00 00 00 00 00 
00 00 04 00 03 18 00 06 00 01 00 00 00 00 00 00 00 00 00 00 00 00 00 00 00 00 00 00 00 00 00 00 
00 00 03 00 04 18 00 06 00 00 13 99 45 B4 13 9A C4 E3 07 FF 01 57 00 00 00 00 00 00 00 00 00 00 
00 00 04 00 03 18 00 06 00 02 00 00 00 00 00 00 00 00 00 00 00 00 00 00 00 00 00 00 00 00 00 00 
00 00 03 00 04 18 00 06 00 00 13 9C 3D 62 13 9D A7 BA 07 FF 01 57 00 00 00 00 00 00 00 00 00 00 
00 00 04 00 03 18 00 06 00 03 00 00 00 00 00 00 00 00 00 00 00 00 00 00 00 00 00 00 00 00 00 00 
00 00 03 00 04 18 00 06 00 00 13 9F 19 F6 13 A0 92 B5 07 FF 01 57 00 00 00 00 00 00 00 00 00 00 
00 00 04 00 03 18 00 06 00 04 00 00 00 00 00 00 00 00 00 00 00 00 00 00 00 00 00 00 00 00 00 00 
00 00 03 00 04 18 00 06 00 00 13 A2 07 0C 13 A3 7A 7A 07 FF 01 57 00 00 00 00 00 00 00 00 00 00 
00 00 04 00 03 18 00 06 00 05 00 00 00 00 00 00 00 00 00 00 00 00 00 00 00 00 00 00 00 00 00 00 
00 00 03 00 04 18 00 06 00 00 13 A4 F9 0F 13 A6 86 DE 07 FF 01 57 00 00 00 00 00 00 00 00 00 00 
00 00 04 00 03 18 00 06 00 06 00 00 00 00 00 00 00 00 00 00 00 00 00 00 00 00 00 00 00 00 00 00 
00 00 03 00 04 18 00 06 00 00 13 A8 03 5B 13 A9 87 6B 07 FF 01 57 00 00 00 00 00 00 00 00 00 00 
00 00 04 00 03 18 00 06 00 07 00 00 00 00 00 00 00 00 00 00 00 00 00 00 00 00 00 00 00 00 00 00 
00 00 03 00 04 18 00 06 00 00 13 AB 08 32 13 AC 76 0F 07 FF 01 57 00 00 00 00 00 00 00 00 00 00 
00 00 04 00 03 18 00 06 00 08 00 00 00 00 00 00 00 00 00 00 00 00 00 00 00 00 00 00 00 00 00 00 
00 00 03 00 04 18 00 06 00 00 13 AD E6 1E 13 AF 5B 2D 07 FF 01 57 00 00 00 00 00 00 00 00 00 00 
00 00 04 00 03 18 00 06 00 09 00 00 00 00 00 00 00 00 00 00 00 00 00 00 00 00 00 00 00 00 00 00 
00 00 03 00 04 18 00 06 00 00 13 B0 E0 87 13 B2 5C E7 07 FF 01 57 00 00 00 00 00 00 00 00 00 00 
00 00 01 00 03 18 00 06 00 00 00 0E D5 42 13 97 BE FC 07 FF 00 00 00 00 00 00 00 00 00 00 00 00 
00 00 01 00 03 18 00 06 00 01 00 11 DB 29 13 9A C4 E3 07 FF 01 C0 00 00 00 00 00 00 00 00 00 00 
00 00 01 00 03 18 00 06 00 02 00 14 BD FF 13 9D A7 BA 07 FF 01 5E 00 00 00 00 00 00 00 00 00 00 
00 00 01 00 03 18 00 06 00 03 00 17 A8 FA 13 A0 92 B5 07 FF 01 5E 00 00 00 00 00 00 00 00 00 00 
00 00 01 00 03 18 00 06 00 04 00 1A 90 BE 13 A3 7A 7A 07 FF 01 5E 00 00 00 00 00 00 00 00 00 00 
00 00 01 00 03 18 00 06 00 05 00 1D 9D 22 13 A6 86 DE 07 FF 01 5E 00 00 00 00 00 00 00 00 00 00 
00 00 01 00 03 18 00 06 00 06 00 20 9D AE 13 A9 87 6B 07 FF 01 5E 00 00 00 00 00 00 00 00 00 00 
00 00 01 00 03 18 00 06 00 07 00 23 8C 52 13 AC 76 0F 07 FF 01 5E 00 00 00 00 00 00 00 00 00 00 
00 00 01 00 03 18 00 06 00 08 00 26 71 6F 13 AF 5B 2D 07 FF 01 5E 00 00 00 00 00 00 00 00 00 00 
00 00 01 00 03 18 00 06 00 09 00 29 73 28 13 B2 5C E7 07 FF 01 5F 00 00 00 00 00 00 00 00 00 00 
00 00 01 00 03 18 00 06 00 0A 13 99 45 B4 00 10 5B F8 08 FF 01 58 00 00 00 00 00 00 00 00 00 00 
00 00 01 00 03 18 00 06 00 0B 13 9C 3D 62 00 13 53 A6 08 FF 01 57 00 00 00 00 00 00 00 00 00 00 
00 00 01 00 03 18 00 06 00 0C 13 9F 19 F6 00 16 30 39 08 FF 01 57 00 00 00 00 00 00 00 00 00 00 
00 00 01 00 03 18 00 06 00 0D 13 A2 07 0C 00 19 1D 4F 08 FF 01 57 00 00 00 00 00 00 00 00 00 00 
00 00 01 00 03 18 00 06 00 0E 13 A4 F9 0F 00 1C 0F 51 08 FF 01 57 00 00 00 00 00 00 00 00 00 00 
00 00 01 00 03 18 00 06 00 0F 13 A8 03 5B 00 1F 19 9D 08 FF 01 57 00 00 00 00 00 00 00 00 00 00 
00 00 01 00 03 18 00 06 00 10 13 AB 08 32 00 22 1E 73 08 FF 01 57 00 00 00 00 00 00 00 00 00 00 
00 00 01 00 03 18 00 06 00 11 13 AD E6 1E 00 24 FC 5E 07 FF 01 57 00 00 00 00 00 00 00 00 00 00 
00 00 01 00 03 18 00 06 00 12 13 B0 E0 87 00 27 F6 C6 08 FF 01 57 00 00 00 00 00 00 00 00 00 00 
00 00 01 00 03 18 00 06 00 13 00 00 00 00 00 2A FC 5A 08 FF 01 57 00 00 00 00 00 00 00 00 00 00 
00 00 04 00 03 18 00 06 00 00 00 00 00 00 00 00 00 00 00 00 00 00 00 00 00 00 00 00 00 00 00 00 
00 00 04 00 03 18 00 06 00 00 00 00 00 00 00 00 00 00 00 00 00 00 00 00 00 00 00 00 00 00 00 00 
00 00 03 00 04 18 00 06 00 00 13 B3 E6 1B 15 91 55 6E 07 FF 01 58 00 00 00 00 00 00 00 00 00 00 
00 00 04 00 03 18 00 06 00 01 00 00 00 00 00 00 00 00 00 00 00 00 00 00 00 00 00 00 00 00 00 00 
00 00 03 00 04 18 00 06 00 00 15 92 C3 5D 15 94 42 B9 07 FF 01 58 00 00 00 00 00 00 00 00 00 00 
00 00 04 00 03 18 00 06 00 02 00 00 00 00 00 00 00 00 00 00 00 00 00 00 00 00 00 00 00 00 00 00 
00 00 03 00 04 18 00 06 00 00 15 95 B5 DB 15 97 22 0B 07 FF 01 57 00 00 00 00 00 00 00 00 00 00 
00 00 04 00 03 18 00 06 00 03 00 00 00 00 00 00 00 00 00 00 00 00 00 00 00 00 00 00 00 00 00 00 
00 00 03 00 04 18 00 06 00 00 15 98 AE 76 15 9A 25 A3 07 FF 01 58 00 00 00 00 00 00 00 00 00 00 
00 00 04 00 03 18 00 06 00 04 00 00 00 00 00 00 00 00 00 00 00 00 00 00 00 00 00 00 00 00 00 00 
00 00 03 00 04 18 00 06 00 00 15 9B 94 27 15 9D 06 60 07 FF 01 57 00 00 00 00 00 00 00 00 00 00 
00 00 04 00 03 18 00 06 00 05 00 00 00 00 00 00 00 00 00 00 00 00 00 00 00 00 00 00 00 00 00 00 
00 00 04 00 03 18 00 06 00 06 00 00 00 00 00 00 00 00 00 00 00 00 00 00 00 00 00 00 00 00 00 00 
00 00 03 00 04 18 00 06 00 00 15 A1 77 F1 15 A2 FA B4 07 FF 01 57 00 00 00 00 00 00 00 00 00 00 
00 00 04 00 03 18 00 06 00 07 00 00 00 00 00 00 00 00 00 00 00 00 00 00 00 00 00 00 00 00 00 00 
00 00 03 00 04 18 00 06 00 00 15 A4 77 1C 15 A5 E6 1D 07 FF 01 58 00 00 00 00 00 00 00 00 00 00 
00 00 04 00 03 18 00 06 00 08 00 00 00 00 00 00 00 00 00 00 00 00 00 00 00 00 00 00 00 00 00 00 
00 00 03 00 04 18 00 06 00 00 15 A7 59 9F 15 A8 CE 76 07 FF 01 57 00 00 00 00 00 00 00 00 00 00 
00 00 04 00 03 18 00 06 00 09 00 00 00 00 00 00 00 00 00 00 00 00 00 00 00 00 00 00 00 00 00 00 
00 00 03 00 04 18 00 06 00 00 15 AA 4C 78 15 AB C9 26 07 FF 01 58 00 00 00 00 00 00 00 00 00 00 
00 00 01 00 03 18 00 06 00 00 00 0E D5 42 15 91 55 6E 07 FF 00 00 00 00 00 00 00 00 00 00 00 00 
00 00 01 00 03 18 00 06 00 01 00 11 C2 8C 15 94 42 B9 07 FF 01 C3 00 00 00 00 00 00 00 00 00 00 
00 00 01 00 03 18 00 06 00 02 00 14 A1 DE 15 97 22 0B 07 FF 01 5E 00 00 00 00 00 00 00 00 00 00 
00 00 01 00 03 18 00 06 00 03 00 17 A5 76 15 9A 25 A3 07 FF 01 5E 00 00 00 00 00 00 00 00 00 00 
00 00 01 00 03 18 00 06 00 04 00 1A 86 32 15 9D 06 60 07 FF 01 5E 00 00 00 00 00 00 00 00 00 00 
00 00 01 00 03 18 00 06 00 05 00 1D 84 85 15 A0 04 B3 07 FF 01 5E 00 00 00 00 00 00 00 00 00 00 
00 00 01 00 03 18 00 06 00 06 00 20 7A 85 15 A2 FA B4 07 FF 01 5E 00 00 00 00 00 00 00 00 00 00 
00 00 01 00 03 18 00 06 00 07 00 23 65 EE 15 A5 E6 1D 07 FF 01 60 00 00 00 00 00 00 00 00 00 00 
00 00 01 00 03 18 00 06 00 08 00 26 4E 46 15 A8 CE 76 07 FF 01 5E 00 00 00 00 00 00 00 00 00 00 
00 00 01 00 03 18 00 06 00 09 00 29 48 F6 15 AB C9 26 07 FF 01 5E 00 00 00 00 00 00 00 00 00 00 
00 00 01 00 03 18 00 06 00 0A 15 92 C3 5D 00 10 43 30 08 FF 01 58 00 00 00 00 00 00 00 00 00 00 
00 00 01 00 03 18 00 06 00 0B 15 95 B5 DB 00 13 35 AD 08 FF 01 58 00 00 00 00 00 00 00 00 00 00 
00 00 01 00 03 18 00 06 00 0C 15 98 AE 76 00 16 2E 47 08 FF 01 57 00 00 00 00 00 00 00 00 00 00 
00 00 01 00 03 18 00 06 00 0D 15 9B 94 27 00 19 13 F8 07 FF 01 58 00 00 00 00 00 00 00 00 00 00 
00 00 01 00 03 18 00 06 00 0E 15 9E 74 B2 00 1B F4 82 08 FF 01 57 00 00 00 00 00 00 00 00 00 00 
00 00 01 00 03 18 00 06 00 0F 15 A1 77 F1 00 1E F7 C1 08 FF 01 58 00 00 00 00 00 00 00 00 00 00 
00 00 01 00 03 18 00 06 00 10 15 A4 77 1C 00 21 F6 EB 08 FF 01 57 00 00 00 00 00 00 00 00 00 00 
00 00 01 00 03 18 00 06 00 11 15 A7 59 9F 00 24 D9 6E 08 FF 01 58 00 00 00 00 00 00 00 00 00 00 
00 00 01 00 03 18 00 06 00 12 15 AA 4C 78 00 27 CC 45 08 FF 01 57 00 00 00 00 00 00 00 00 00 00 
00 00 01 00 03 18 00 06 00 13 00 00 00 00 00 2A CA 74 08 FF 01 58 00 00 00 00 00 00 00 00 00 00 
00 00 04 00 03 18 00 06 00 00 00 00 00 00 00 00 00 00 00 00 00 00 00 00 00 00 00 00 00 00 00 00 
00 00 04 00 03 18 00 06 00 00 00 00 00 00 00 00 00 00 00 00 00 00 00 00 00 00 00 00 00 00 00 00 
00 00 03 00 04 18 00 06 00 00 15 AD 4A A7 16 75 CE 0F 04 FF 01 58 00 00 00 00 00 00 00 00 00 00 
00 00 04 00 03 18 00 06 00 01 00 00 00 00 00 00 00 00 00 00 00 00 00 00 00 00 00 00 00 00 00 00 
00 00 04 00 03 18 00 06 00 01 00 00 00 00 00 00 00 00 00 00 00 00 00 00 00 00 00 00 00 00 00 00 
00 00 03 00 04 18 00 06 00 00 16 77 49 B5 16 78 D4 6A 04 FF 01 58 00 00 00 00 00 00 00 00 00 00 
00 00 04 00 03 18 00 06 00 02 00 00 00 00 00 00 00 00 00 00 00 00 00 00 00 00 00 00 00 00 00 00 
00 00 03 00 04 18 00 06 00 00 16 7A 44 2D 16 7B BB DF 04 FF 01 58 00 00 00 00 00 00 00 00 00 00 
00 00 04 00 03 18 00 06 00 03 00 00 00 00 00 00 00 00 00 00 00 00 00 00 00 00 00 00 00 00 00 00 
00 00 03 00 04 18 00 06 00 00 16 7D 43 12 16 7E B5 38 04 FF 01 5A 00 00 00 00 00 00 00 00 00 00 
00 00 04 00 03 18 00 06 00 04 00 00 00 00 00 00 00 00 00 00 00 00 00 00 00 00 00 00 00 00 00 00 
00 00 03 00 04 18 00 06 00 00 16 80 29 91 16 81 B7 10 05 FF 01 58 00 00 00 00 00 00 00 00 00 00 
00 00 04 00 03 18 00 06 00 05 00 00 00 00 00 00 00 00 00 00 00 00 00 00 00 00 00 00 00 00 00 00 
00 00 03 00 04 18 00 06 00 00 16 83 3E 6D 16 84 C2 29 04 FF 01 58 00 00 00 00 00 00 00 00 00 00 
00 00 04 00 03 18 00 06 00 06 00 00 00 00 00 00 00 00 00 00 00 00 00 00 00 00 00 00 00 00 00 00 
00 00 03 00 04 18 00 06 00 00 16 86 50 93 16 87 BE DE 04 FF 01 57 00 00 00 00 00 00 00 00 00 00 
00 00 04 00 03 18 00 06 00 07 00 00 00 00 00 00 00 00 00 00 00 00 00 00 00 00 00 00 00 00 00 00 
00 00 03 00 04 18 00 06 00 00 16 89 2A F8 16 8A A0 78 05 FF 01 58 00 00 00 00 00 00 00 00 00 00 
00 00 04 00 03 18 00 06 00 08 00 00 00 00 00 00 00 00 00 00 00 00 00 00 00 00 00 00 00 00 00 00 
00 00 03 00 04 18 00 06 00 00 16 8C 23 FF 16 8D 9E AC 05 FF 01 58 00 00 00 00 00 00 00 00 00 00 
00 00 04 00 03 18 00 06 00 09 00 00 00 00 00 00 00 00 00 00 00 00 00 00 00 00 00 00 00 00 00 00 
00 00 03 00 04 18 00 06 00 00 16 8F 0D 15 16 90 91 D9 04 FF 01 5A 00 00 00 00 00 00 00 00 00 00 
00 00 01 00 03 18 00 06 00 00 00 0E D5 42 16 75 CE 0F 04 FF 00 00 00 00 00 00 00 00 00 00 00 00 
00 00 01 00 03 18 00 06 00 01 00 11 DB 9D 16 78 D4 6A 04 FF 01 C1 00 00 00 00 00 00 00 00 00 00 
00 00 01 00 03 18 00 06 00 02 00 14 C3 11 16 7B BB DF 04 FF 01 5E 00 00 00 00 00 00 00 00 00 00 
00 00 01 00 03 18 00 06 00 03 00 17 BC 6A 16 7E B5 38 04 FF 01 5E 00 00 00 00 00 00 00 00 00 00 
00 00 01 00 03 18 00 06 00 04 00 1A BE 41 16 81 B7 10 05 FF 01 5E 00 00 00 00 00 00 00 00 00 00 
00 00 01 00 03 18 00 06 00 05 00 1D C9 5A 16 84 C2 29 04 FF 01 5E 00 00 00 00 00 00 00 00 00 00 
00 00 01 00 03 18 00 06 00 06 00 20 C6 0F 16 87 BE DE 04 FF 01 5E 00 00 00 00 00 00 00 00 00 00 
00 00 01 00 03 18 00 06 00 07 00 23 A7 A7 16 8A A0 78 05 FF 01 5E 00 00 00 00 00 00 00 00 00 00 
00 00 01 00 03 18 00 06 00 08 00 26 A5 DC 16 8D 9E AC 05 FF 01 5E 00 00 00 00 00 00 00 00 00 00 
00 00 01 00 03 18 00 06 00 09 00 29 99 07 16 90 91 D9 04 FF 01 5E 00 00 00 00 00 00 00 00 00 00 
00 00 01 00 03 18 00 06 00 0A 16 77 49 B5 00 10 50 E7 05 FF 01 58 00 00 00 00 00 00 00 00 00 00 
00 00 01 00 03 18 00 06 00 0B 16 7A 44 2D 00 13 4B 5E 05 FF 01 58 00 00 00 00 00 00 00 00 00 00 
00 00 01 00 03 18 00 06 00 0C 16 7D 43 12 00 16 4A 43 05 FF 01 58 00 00 00 00 00 00 00 00 00 00 
00 00 01 00 03 18 00 06 00 0D 16 80 29 91 00 19 30 C1 06 FF 01 5A 00 00 00 00 00 00 00 00 00 00 
00 00 01 00 03 18 00 06 00 0E 16 83 3E 6D 00 1C 45 9D 05 FF 01 58 00 00 00 00 00 00 00 00 00 00 
00 00 01 00 03 18 00 06 00 0F 16 86 50 93 00 1F 57 C2 05 FF 01 58 00 00 00 00 00 00 00 00 00 00 
00 00 01 00 03 18 00 06 00 10 16 89 2A F8 00 22 32 26 05 FF 01 57 00 00 00 00 00 00 00 00 00 00 
00 00 01 00 03 18 00 06 00 11 16 8C 23 FF 00 25 2B 2D 05 FF 01 58 00 00 00 00 00 00 00 00 00 00 
00 00 01 00 03 18 00 06 00 12 16 8F 0D 15 00 28 14 42 05 FF 01 58 00 00 00 00 00 00 00 00 00 00 
00 00 01 00 03 18 00 06 00 13 00 00 00 00 00 2B 0B 99 05 FF 01 5A 00 00 00 00 00 00 00 00 00 00 
00 00 04 00 03 18 00 06 00 00 00 00 00 00 00 00 00 00 00 00 00 00 00 00 00 00 00 00 00 00 00 00 
00 00 04 00 03 18 00 06 00 00 00 00 00 00 00 00 00 00 00 00 00 00 00 00 00 00 00 00 00 00 00 00 
00 00 03 00 04 18 00 06 00 00 16 92 04 6D 1C 99 55 57 06 FF 01 59 00 00 00 00 00 00 00 00 00 00 
00 00 04 00 03 18 00 06 00 01 00 00 00 00 00 00 00 00 00 00 00 00 00 00 00 00 00 00 00 00 00 00 
00 00 03 00 04 18 00 06 00 00 1C 9A DF EB 1C 9C 62 47 07 FF 01 59 00 00 00 00 00 00 00 00 00 00 
00 00 04 00 03 18 00 06 00 02 00 00 00 00 00 00 00 00 00 00 00 00 00 00 00 00 00 00 00 00 00 00 
00 00 03 00 04 18 00 06 00 00 1C 9D EF 8E 1C 9F 5A 37 06 FF 01 58 00 00 00 00 00 00 00 00 00 00 
00 00 04 00 03 18 00 06 00 03 00 00 00 00 00 00 00 00 00 00 00 00 00 00 00 00 00 00 00 00 00 00 
00 00 03 00 04 18 00 06 00 00 1C A0 C9 7B 1C A2 41 AD 06 FF 01 59 00 00 00 00 00 00 00 00 00 00 
00 00 04 00 03 18 00 06 00 04 00 00 00 00 00 00 00 00 00 00 00 00 00 00 00 00 00 00 00 00 00 00 
00 00 03 00 04 18 00 06 00 00 1C A3 BA 6A 1C A5 2C F7 06 FF 01 58 00 00 00 00 00 00 00 00 00 00 
00 00 04 00 03 18 00 06 00 05 00 00 00 00 00 00 00 00 00 00 00 00 00 00 00 00 00 00 00 00 00 00 
00 00 03 00 04 18 00 06 00 00 1C A6 A9 26 1C A8 39 5B 06 FF 01 59 00 00 00 00 00 00 00 00 00 00 
00 00 04 00 03 18 00 06 00 06 00 00 00 00 00 00 00 00 00 00 00 00 00 00 00 00 00 00 00 00 00 00 
00 00 03 00 04 18 00 06 00 00 1C A9 B0 14 1C AB 32 DF 06 FF 01 58 00 00 00 00 00 00 00 00 00 00 
00 00 04 00 03 18 00 06 00 07 00 00 00 00 00 00 00 00 00 00 00 00 00 00 00 00 00 00 00 00 00 00 
00 00 03 00 04 18 00 06 00 00 1C AC B1 57 1C AE 21 83 06 FF 01 59 00 00 00 00 00 00 00 00 00 00 
00 00 04 00 03 18 00 06 00 08 00 00 00 00 00 00 00 00 00 00 00 00 00 00 00 00 00 00 00 00 00 00 
00 00 03 00 04 18 00 06 00 00 1C AF 90 03 1C B1 06 A1 05 FF 01 58 00 00 00 00 00 00 00 00 00 00 
00 00 04 00 03 18 00 06 00 09 00 00 00 00 00 00 00 00 00 00 00 00 00 00 00 00 00 00 00 00 00 00 
00 00 03 00 04 18 00 06 00 00 1C B2 8E C1 1C B4 0B DF 06 FF 01 59 00 00 00 00 00 00 00 00 00 00 
00 00 01 00 03 18 00 06 00 00 00 0E D5 42 1C 99 55 57 06 FF 00 00 00 00 00 00 00 00 00 00 00 00 
00 00 01 00 03 18 00 06 00 01 00 11 E2 31 1C 9C 62 47 07 FF 01 C3 00 00 00 00 00 00 00 00 00 00 
00 00 01 00 03 18 00 06 00 02 00 14 DA 21 1C 9F 5A 37 06 FF 01 5E 00 00 00 00 00 00 00 00 00 00 
00 00 01 00 03 18 00 06 00 03 00 17 C1 97 1C A2 41 AD 06 FF 01 5E 00 00 00 00 00 00 00 00 00 00 
00 00 01 00 03 18 00 06 00 04 00 1A AC E0 1C A5 2C F7 06 FF 01 5E 00 00 00 00 00 00 00 00 00 00 
00 00 01 00 03 18 00 06 00 05 00 1D B9 43 1C A8 39 5B 06 FF 01 5E 00 00 00 00 00 00 00 00 00 00 
00 00 01 00 03 18 00 06 00 06 00 20 B2 C7 1C AB 32 DF 06 FF 01 5E 00 00 00 00 00 00 00 00 00 00 
00 00 01 00 03 18 00 06 00 07 00 23 A1 6B 1C AE 21 83 06 FF 01 5E 00 00 00 00 00 00 00 00 00 00 
00 00 01 00 03 18 00 06 00 08 00 26 86 88 1C B1 06 A1 05 FF 01 5E 00 00 00 00 00 00 00 00 00 00 
00 00 01 00 03 18 00 06 00 09 00 29 8B C5 1C B4 0B DF 06 FF 01 5E 00 00 00 00 00 00 00 00 00 00 
00 00 01 00 03 18 00 06 00 0A 1C 9A DF EB 00 10 5F D4 07 FF 01 59 00 00 00 00 00 00 00 00 00 00 
00 00 01 00 03 18 00 06 00 0B 1C 9D EF 8E 00 13 6F 77 07 FF 01 59 00 00 00 00 00 00 00 00 00 00 
00 00 01 00 03 18 00 06 00 0C 1C A0 C9 7B 00 16 49 63 07 FF 01 58 00 00 00 00 00 00 00 00 00 00 
00 00 01 00 03 18 00 06 00 0D 1C A3 BA 6A 00 19 3A 52 07 FF 01 59 00 00 00 00 00 00 00 00 00 00 
00 00 01 00 03 18 00 06 00 0E 1C A6 A9 26 00 1C 29 0D 07 FF 01 58 00 00 00 00 00 00 00 00 00 00 
00 00 01 00 03 18 00 06 00 0F 1C A9 B0 14 00 1F 2F FA 06 FF 01 59 00 00 00 00 00 00 00 00 00 00 
00 00 01 00 03 18 00 06 00 10 1C AC B1 57 00 22 31 3C 07 FF 01 58 00 00 00 00 00 00 00 00 00 00 
00 00 01 00 03 18 00 06 00 11 1C AF 90 03 00 25 0F E8 07 FF 01 59 00 00 00 00 00 00 00 00 00 00 
00 00 01 00 03 18 00 06 00 12 1C B2 8E C1 00 28 0E A6 06 FF 01 58 00 00 00 00 00 00 00 00 00 00 
00 00 01 00 03 18 00 06 00 13 00 00 00 00 00 2B 11 46 06 FF 01 59 00 00 00 00 00 00 00 00 00 00 
00 00 04 00 03 18 00 06 00 00 00 00 00 00 00 00 00 00 00 00 00 00 00 00 00 00 00 00 00 00 00 00 
00 00 04 00 03 18 00 06 00 00 00 00 00 00 00 00 00 00 00 00 00 00 00 00 00 00 00 00 00 00 00 00 
00 00 03 00 04 18 00 06 00 00 1C B5 91 62 1D 78 60 AA 06 FF 01 59 00 00 00 00 00 00 00 00 00 00 
00 00 04 00 03 18 00 06 00 01 00 00 00 00 00 00 00 00 00 00 00 00 00 00 00 00 00 00 00 00 00 00 
00 00 03 00 04 18 00 06 00 00 1D 79 E9 DF 1D 7B 6A 15 06 FF 01 59 00 00 00 00 00 00 00 00 00 00 
00 00 04 00 03 18 00 06 00 02 00 00 00 00 00 00 00 00 00 00 00 00 00 00 00 00 00 00 00 00 00 00 
00 00 03 00 04 18 00 06 00 00 1D 7C F2 D8 1D 7E 5E 81 06 FF 01 58 00 00 00 00 00 00 00 00 00 00 
00 00 04 00 03 18 00 06 00 03 00 00 00 00 00 00 00 00 00 00 00 00 00 00 00 00 00 00 00 00 00 00 
00 00 03 00 04 18 00 06 00 00 1D 7F D4 1E 1D 81 4D 00 06 FF 01 59 00 00 00 00 00 00 00 00 00 00 
00 00 04 00 03 18 00 06 00 04 00 00 00 00 00 00 00 00 00 00 00 00 00 00 00 00 00 00 00 00 00 00 
00 00 03 00 04 18 00 06 00 00 1D 82 BB 6D 1D 84 2D BC 06 FF 01 58 00 00 00 00 00 00 00 00 00 00 
00 00 04 00 03 18 00 06 00 05 00 00 00 00 00 00 00 00 00 00 00 00 00 00 00 00 00 00 00 00 00 00 
00 00 03 00 04 18 00 06 00 00 1D 85 9B BA 1D 87 2C 11 06 FF 01 59 00 00 00 00 00 00 00 00 00 00 
00 00 04 00 03 18 00 06 00 06 00 00 00 00 00 00 00 00 00 00 00 00 00 00 00 00 00 00 00 00 00 00 
00 00 03 00 04 18 00 06 00 00 1D 88 99 87 1D 8A 1B 08 06 FF 01 58 00 00 00 00 00 00 00 00 00 00 
00 00 04 00 03 18 00 06 00 07 00 00 00 00 00 00 00 00 00 00 00 00 00 00 00 00 00 00 00 00 00 00 
00 00 03 00 04 18 00 06 00 00 1D 8B 96 2C 1D 8D 06 29 06 FF 01 59 00 00 00 00 00 00 00 00 00 00 
00 00 04 00 03 18 00 06 00 08 00 00 00 00 00 00 00 00 00 00 00 00 00 00 00 00 00 00 00 00 00 00 
00 00 03 00 04 18 00 06 00 00 1D 8E 7E BD 1D 8F F5 D3 06 FF 01 58 00 00 00 00 00 00 00 00 00 00 
00 00 04 00 03 18 00 06 00 09 00 00 00 00 00 00 00 00 00 00 00 00 00 00 00 00 00 00 00 00 00 00 
00 00 03 00 04 18 00 06 00 00 1D 91 67 64 1D 92 E2 72 06 FF 01 59 00 00 00 00 00 00 00 00 00 00 
00 00 01 00 03 18 00 06 00 00 00 0E D5 42 1D 78 60 AA 06 FF 00 00 00 00 00 00 00 00 00 00 00 00 
00 00 01 00 03 18 00 06 00 01 00 11 DE AD 1D 7B 6A 15 06 FF 01 BE 00 00 00 00 00 00 00 00 00 00 
00 00 01 00 03 18 00 06 00 02 00 14 D3 18 1D 7E 5E 81 06 FF 01 5E 00 00 00 00 00 00 00 00 00 00 
00 00 01 00 03 18 00 06 00 03 00 17 C1 97 1D 81 4D 00 06 FF 01 5E 00 00 00 00 00 00 00 00 00 00 
00 00 01 00 03 18 00 06 00 04 00 1A A2 53 1D 84 2D BC 06 FF 01 5E 00 00 00 00 00 00 00 00 00 00 
00 00 01 00 03 18 00 06 00 05 00 1D A0 A6 1D 87 2C 11 06 FF 01 5E 00 00 00 00 00 00 00 00 00 00 
00 00 01 00 03 18 00 06 00 06 00 20 8F 9D 1D 8A 1B 08 06 FF 01 5E 00 00 00 00 00 00 00 00 00 00 
00 00 01 00 03 18 00 06 00 07 00 23 7A BD 1D 8D 06 29 06 FF 01 5E 00 00 00 00 00 00 00 00 00 00 
00 00 01 00 03 18 00 06 00 08 00 26 6A 67 1D 8F F5 D3 06 FF 01 5E 00 00 00 00 00 00 00 00 00 00 
00 00 01 00 03 18 00 06 00 09 00 29 57 06 1D 92 E2 72 06 FF 01 5E 00 00 00 00 00 00 00 00 00 00 
00 00 01 00 03 18 00 06 00 0A 1D 79 E9 DF 00 10 5E 76 07 FF 01 59 00 00 00 00 00 00 00 00 00 00 
00 00 01 00 03 18 00 06 00 0B 1D 7C F2 D8 00 13 67 6F 07 FF 01 59 00 00 00 00 00 00 00 00 00 00 
00 00 01 00 03 18 00 06 00 0C 1D 7F D4 1E 00 16 48 B4 07 FF 01 58 00 00 00 00 00 00 00 00 00 00 
00 00 01 00 03 18 00 06 00 0D 1D 82 BB 6D 00 19 30 02 07 FF 01 59 00 00 00 00 00 00 00 00 00 00 
00 00 01 00 03 18 00 06 00 0E 1D 85 9B BA 00 1C 10 4F 07 FF 01 58 00 00 00 00 00 00 00 00 00 00 
00 00 01 00 03 18 00 06 00 0F 1D 88 99 87 00 1F 0E 1A 07 FF 01 59 00 00 00 00 00 00 00 00 00 00 
00 00 01 00 03 18 00 06 00 10 1D 8B 96 2C 00 22 0A C0 07 FF 01 58 00 00 00 00 00 00 00 00 00 00 
00 00 01 00 03 18 00 06 00 11 1D 8E 7E BD 00 24 F3 50 07 FF 01 59 00 00 00 00 00 00 00 00 00 00 
00 00 01 00 03 18 00 06 00 12 1D 91 67 64 00 27 DB F6 07 FF 01 58 00 00 00 00 00 00 00 00 00 00 
00 00 01 00 03 18 00 06 00 13 00 00 00 00 00 2A DF 74 07 FF 01 59 00 00 00 00 00 00 00 00 00 00 
00 00 04 00 03 18 00 06 00 00 00 00 00 00 00 00 00 00 00 00 00 00 00 00 00 00 00 00 00 00 00 00 
00 00 04 00 03 18 00 06 00 00 00 00 00 00 00 00 00 00 00 00 00 00 00 00 00 00 00 00 00 00 00 00 
00 00 03 00 04 18 00 06 00 00 1D 94 6A E1 1E 6B FF DE 06 FF 01 59 00 00 00 00 00 00 00 00 00 00 
00 00 04 00 03 18 00 06 00 01 00 00 00 00 00 00 00 00 00 00 00 00 00 00 00 00 00 00 00 00 00 00 
00 00 03 00 04 18 00 06 00 00 1E 6D 7F D4 1E 6E FE BE 06 FF 01 59 00 00 00 00 00 00 00 00 00 00 
00 00 04 00 03 18 00 06 00 02 00 00 00 00 00 00 00 00 00 00 00 00 00 00 00 00 00 00 00 00 00 00 
00 00 03 00 04 18 00 06 00 00 1E 70 79 3F 1E 71 E5 19 07 FF 01 58 00 00 00 00 00 00 00 00 00 00 
00 00 04 00 03 18 00 06 00 03 00 00 00 00 00 00 00 00 00 00 00 00 00 00 00 00 00 00 00 00 00 00 
00 00 03 00 04 18 00 06 00 00 1E 73 70 10 1E 74 E8 B0 06 FF 01 59 00 00 00 00 00 00 00 00 00 00 
00 00 04 00 03 18 00 06 00 04 00 00 00 00 00 00 00 00 00 00 00 00 00 00 00 00 00 00 00 00 00 00 
00 00 03 00 04 18 00 06 00 00 1E 76 61 1D 1E 77 D3 F9 06 FF 01 58 00 00 00 00 00 00 00 00 00 00 
00 00 04 00 03 18 00 06 00 05 00 00 00 00 00 00 00 00 00 00 00 00 00 00 00 00 00 00 00 00 00 00 
00 00 03 00 04 18 00 06 00 00 1E 79 52 28 1E 7A E0 5E 06 FF 01 59 00 00 00 00 00 00 00 00 00 00 
00 00 04 00 03 18 00 06 00 06 00 00 00 00 00 00 00 00 00 00 00 00 00 00 00 00 00 00 00 00 00 00 
00 00 03 00 04 18 00 06 00 00 1E 7C 51 D4 1E 7D D2 DA 06 FF 01 58 00 00 00 00 00 00 00 00 00 00 
00 00 04 00 03 18 00 06 00 07 00 00 00 00 00 00 00 00 00 00 00 00 00 00 00 00 00 00 00 00 00 00 
00 00 03 00 04 18 00 06 00 00 1E 7F 48 7F 1E 80 B6 F2 06 FF 01 59 00 00 00 00 00 00 00 00 00 00 
00 00 04 00 03 18 00 06 00 08 00 00 00 00 00 00 00 00 00 00 00 00 00 00 00 00 00 00 00 00 00 00 
00 00 03 00 04 18 00 06 00 00 1E 82 3A A2 1E 83 B1 28 07 FF 01 58 00 00 00 00 00 00 00 00 00 00 
00 00 04 00 03 18 00 06 00 09 00 00 00 00 00 00 00 00 00 00 00 00 00 00 00 00 00 00 00 00 00 00 
00 00 03 00 04 18 00 06 00 00 1E 85 3D F0 1E 86 B9 EA 06 FF 01 59 00 00 00 00 00 00 00 00 00 00 
00 00 01 00 03 18 00 06 00 00 00 0E D5 42 1E 6B FF DE 06 FF 00 00 00 00 00 00 00 00 00 00 00 00 
00 00 01 00 03 18 00 06 00 01 00 11 D4 21 1E 6E FE BE 06 FF 01 BF 00 00 00 00 00 00 00 00 00 00 
00 00 01 00 03 18 00 06 00 02 00 14 BA 7B 1E 71 E5 19 07 FF 01 5E 00 00 00 00 00 00 00 00 00 00 
00 00 01 00 03 18 00 06 00 03 00 17 BE 13 1E 74 E8 B0 06 FF 01 5E 00 00 00 00 00 00 00 00 00 00 
00 00 01 00 03 18 00 06 00 04 00 1A A9 5B 1E 77 D3 F9 06 FF 01 5E 00 00 00 00 00 00 00 00 00 00 
00 00 01 00 03 18 00 06 00 05 00 1D B5 BF 1E 7A E0 5E 06 FF 01 5E 00 00 00 00 00 00 00 00 00 00 
00 00 01 00 03 18 00 06 00 06 00 20 A8 3B 1E 7D D2 DA 06 FF 01 5E 00 00 00 00 00 00 00 00 00 00 
00 00 01 00 03 18 00 06 00 07 00 23 8C 52 1E 80 B6 F2 06 FF 01 5E 00 00 00 00 00 00 00 00 00 00 
00 00 01 00 03 18 00 06 00 08 00 26 86 88 1E 83 B1 28 07 FF 01 5E 00 00 00 00 00 00 00 00 00 00 
00 00 01 00 03 18 00 06 00 09 00 29 8F 49 1E 86 B9 EA 06 FF 01 5E 00 00 00 00 00 00 00 00 00 00 
00 00 01 00 03 18 00 06 00 0A 1E 6D 7F D4 00 10 55 36 07 FF 01 59 00 00 00 00 00 00 00 00 00 00 
00 00 01 00 03 18 00 06 00 0B 1E 70 79 3F 00 13 4E A1 07 FF 01 59 00 00 00 00 00 00 00 00 00 00 
00 00 01 00 03 18 00 06 00 0C 1E 73 70 10 00 16 45 72 07 FF 01 58 00 00 00 00 00 00 00 00 00 00 
00 00 01 00 03 18 00 06 00 0D 1E 76 61 1D 00 19 36 7D 07 FF 01 59 00 00 00 00 00 00 00 00 00 00 
00 00 01 00 03 18 00 06 00 0E 1E 79 52 28 00 1C 27 88 07 FF 01 58 00 00 00 00 00 00 00 00 00 00 
00 00 01 00 03 18 00 06 00 0F 1E 7C 51 D4 00 1F 27 33 07 FF 01 59 00 00 00 00 00 00 00 00 00 00 
00 00 01 00 03 18 00 06 00 10 1E 7F 48 7F 00 22 1D DE 07 FF 01 58 00 00 00 00 00 00 00 00 00 00 
00 00 01 00 03 18 00 06 00 11 1E 82 3A A2 00 25 10 00 07 FF 01 59 00 00 00 00 00 00 00 00 00 00 
00 00 01 00 03 18 00 06 00 12 1E 85 3D F0 00 28 13 4E 07 FF 01 58 00 00 00 00 00 00 00 00 00 00 
00 00 01 00 03 18 00 06 00 13 00 00 00 00 00 2B 13 BF 07 FF 01 59 00 00 00 00 00 00 00 00 00 00 
